!01/01/2019 00:00:00 UTC
 8  50.000 !number of earth tidal potential, cut-off depth for applying tidal potential
O1
1 0.100818  6.759774407e-05  0.96461  129.41
K1
1 0.141909  7.292115851e-05  0.97825  1.58
Q1
1 0.019303  6.495854130e-05  0.96461  49.92
P1
1 0.047037  7.252294576e-05  1.00000  349.63
M2
2 0.242922  1.405189028e-04  1.01163  126.82
S2
2 0.113308  1.454441043e-04  1.00000  0.00
K2
2 0.030779  1.458423170e-04  0.92823  183.40
N2
2 0.046510  1.378796998e-04  1.01163  47.33
8 !nbfr
O1
  6.759774407e-05  0.96461  129.41
K1
  7.292115851e-05  0.97825  1.58
Q1
  6.495854130e-05  0.96461  49.92
P1
  7.252294576e-05  1.00000  349.63
M2
  1.405189028e-04  1.01163  126.82
S2
  1.454441043e-04  1.00000  0.00
K2
  1.458423170e-04  0.92823  183.40
N2
  1.378796998e-04  1.01163  47.33
6 !nope
204 5 5 4 4 !ocean
o1
0.075487 191.437220
0.075484 191.431360
0.075481 191.424088
0.075477 191.415154
0.075473 191.404265
0.075467 191.395570
0.075463 191.412851
0.075458 191.432769
0.075453 191.453677
0.075447 191.475578
0.075441 191.498462
0.075435 191.522309
0.075428 191.547249
0.075421 191.574927
0.075414 191.603641
0.075405 191.630999
0.075394 191.654480
0.075374 191.667792
0.075352 191.678250
0.075329 191.687350
0.075295 191.696837
0.075263 191.699303
0.075232 191.690150
0.075199 191.665936
0.075168 191.638041
0.075140 191.605081
0.075114 191.566087
0.075088 191.517710
0.075065 191.462860
0.075044 191.402068
0.075023 191.334001
0.074998 191.252075
0.074972 191.163912
0.074945 191.071363
0.074914 190.973644
0.074883 190.874976
0.074847 190.774706
0.074796 190.670350
0.074754 190.566502
0.074721 190.495850
0.074652 190.347699
0.074594 190.210792
0.074547 190.080864
0.074502 189.957675
0.074455 189.826160
0.074410 189.690310
0.074375 189.550335
0.074345 189.433528
0.074316 189.331737
0.074284 189.250047
0.074229 189.201257
0.074137 189.183679
0.074026 189.188085
0.073905 189.216386
0.073784 189.261875
0.073662 189.309499
0.073546 189.358528
0.073439 189.406078
0.073342 189.455343
0.073253 189.500727
0.073169 189.541630
0.073086 189.577759
0.073002 189.604211
0.072918 189.630792
0.072834 189.657884
0.072752 189.685413
0.072671 189.711512
0.072590 189.735233
0.072509 189.757105
0.072429 189.778106
0.072351 189.799421
0.072273 189.818598
0.072194 189.835405
0.072116 189.849611
0.072036 189.860870
0.071959 189.867238
0.071884 189.868758
0.071776 189.860459
0.071666 189.846099
0.071553 189.828861
0.071439 189.804584
0.071324 189.773547
0.071206 189.744535
0.071085 189.725961
0.070963 189.703003
0.070844 189.673709
0.070726 189.638663
0.070610 189.600838
0.070498 189.562730
0.070386 189.526765
0.070277 189.492071
0.070170 189.457728
0.070066 189.422810
0.069961 189.382943
0.069856 189.342150
0.069752 189.302556
0.069650 189.264238
0.069550 189.225899
0.069454 189.187997
0.069360 189.152364
0.069267 189.113754
0.069174 189.068900
0.069081 189.018010
0.068990 188.962884
0.068903 188.907274
0.068819 188.847420
0.068737 188.786374
0.068661 188.728631
0.068588 188.672645
0.068519 188.615076
0.068453 188.547752
0.068390 188.472462
0.068329 188.391471
0.068271 188.308511
0.068215 188.225050
0.068162 188.141448
0.068113 188.062640
0.068065 187.981092
0.068017 187.902527
0.067972 187.829168
0.067927 187.758555
0.067883 187.684823
0.067840 187.608697
0.067799 187.528839
0.067762 187.446851
0.067729 187.366246
0.067699 187.287086
0.067673 187.209823
0.067649 187.134000
0.067629 187.054525
0.067614 186.971146
0.067607 186.883260
0.067613 186.794584
0.067630 186.709667
0.067656 186.624611
0.067692 186.544758
0.067738 186.476568
0.067788 186.406145
0.067844 186.334116
0.067905 186.260926
0.067972 186.187472
0.068042 186.115405
0.068113 186.051383
0.068188 185.991159
0.068264 185.934053
0.068343 185.878389
0.068423 185.817936
0.068505 185.754976
0.068589 185.690135
0.068675 185.629532
0.068762 185.572049
0.068854 185.512217
0.068950 185.450285
0.069049 185.390090
0.069149 185.336441
0.069252 185.288521
0.069360 185.247791
0.069469 185.209970
0.069576 185.178110
0.069699 185.142373
0.069776 185.131998
0.069875 185.127719
0.069906 185.267215
0.069851 185.452013
0.069697 185.598377
0.069456 185.619503
0.069164 185.775472
0.068881 185.953664
0.068608 186.169685
0.068330 186.456142
0.068029 186.791975
0.067725 187.108645
0.067425 187.399979
0.067138 187.650510
0.066869 187.874505
0.066615 188.082058
0.066375 188.282802
0.066136 188.480855
0.065895 188.678508
0.065645 188.892717
0.065394 189.112723
0.065138 189.350140
0.064882 189.593487
0.064628 189.818124
0.064373 190.024264
0.064123 190.211565
0.063879 190.373988
0.063638 190.524282
0.063392 190.659268
0.063146 190.775095
0.062902 190.875029
0.062647 190.951727
0.062395 191.020097
0.062147 191.068111
0.061903 191.126780
0.061653 191.171602
0.061405 191.210986
0.061164 191.253552
0.060876 191.125352
0.056585 182.916078
0.052472 174.135147
0.048558 165.025089
0.045278 157.650590
0.042403 151.496539
k1
0.092198 188.137480
0.092193 188.132409
0.092187 188.126135
0.092180 188.118444
0.092171 188.109088
0.092165 188.100660
0.092187 188.109141
0.092212 188.119126
0.092238 188.129475
0.092266 188.140162
0.092296 188.151146
0.092326 188.162377
0.092359 188.173939
0.092394 188.187270
0.092431 188.200819
0.092468 188.212399
0.092498 188.221242
0.092513 188.222806
0.092523 188.222254
0.092532 188.220657
0.092542 188.216363
0.092548 188.209683
0.092547 188.196084
0.092532 188.170593
0.092519 188.141743
0.092512 188.109476
0.092510 188.070580
0.092512 188.019633
0.092517 187.962748
0.092525 187.900160
0.092531 187.830078
0.092523 187.747339
0.092514 187.658644
0.092505 187.565032
0.092492 187.464013
0.092478 187.360509
0.092461 187.253769
0.092429 187.140313
0.092404 187.026169
0.092381 186.947427
0.092333 186.780646
0.092285 186.625357
0.092242 186.477982
0.092198 186.336327
0.092142 186.188678
0.092087 186.038172
0.092039 185.885410
0.091996 185.757578
0.091954 185.647414
0.091910 185.559708
0.091846 185.504658
0.091747 185.480406
0.091634 185.476795
0.091515 185.494654
0.091399 185.523500
0.091281 185.552779
0.091171 185.582194
0.091070 185.609658
0.090981 185.637170
0.090905 185.662118
0.090837 185.684137
0.090766 185.703593
0.090686 185.711938
0.090607 185.721418
0.090530 185.732711
0.090459 185.745969
0.090389 185.757704
0.090318 185.768252
0.090246 185.777381
0.090173 185.784485
0.090097 185.786155
0.090018 185.784293
0.089938 185.779867
0.089858 185.773671
0.089777 185.765565
0.089705 185.758157
0.089636 185.747000
0.089537 185.721495
0.089435 185.690766
0.089329 185.657819
0.089222 185.619876
0.089113 185.576813
0.089004 185.533719
0.088900 185.493597
0.088793 185.450598
0.088685 185.404676
0.088576 185.356738
0.088470 185.307873
0.088367 185.257192
0.088263 185.205323
0.088160 185.153982
0.088057 185.102670
0.087954 185.050567
0.087850 184.994321
0.087750 184.938538
0.087653 184.883879
0.087560 184.830484
0.087467 184.777174
0.087374 184.720921
0.087283 184.663314
0.087195 184.603704
0.087111 184.540016
0.087025 184.473101
0.086943 184.404749
0.086868 184.334319
0.086796 184.258047
0.086727 184.176219
0.086662 184.091960
0.086602 184.006336
0.086546 183.918611
0.086496 183.826979
0.086448 183.732564
0.086407 183.638222
0.086365 183.542826
0.086325 183.446319
0.086289 183.349252
0.086259 183.251808
0.086227 183.152603
0.086196 183.054064
0.086168 182.957335
0.086142 182.860600
0.086117 182.761697
0.086093 182.662626
0.086070 182.564924
0.086051 182.470754
0.086037 182.376824
0.086024 182.280578
0.086015 182.180911
0.086009 182.074931
0.086008 181.967083
0.086014 181.858620
0.086031 181.752697
0.086063 181.650787
0.086110 181.552641
0.086162 181.456894
0.086225 181.363958
0.086301 181.273671
0.086373 181.184612
0.086455 181.102607
0.086546 181.028690
0.086645 180.960398
0.086746 180.893532
0.086839 180.824592
0.086930 180.757128
0.087019 180.690562
0.087107 180.626028
0.087196 180.565949
0.087288 180.507644
0.087382 180.452260
0.087476 180.400798
0.087568 180.352360
0.087660 180.303269
0.087752 180.253739
0.087845 180.209149
0.087935 180.171170
0.088023 180.139760
0.088112 180.116123
0.088199 180.098668
0.088275 180.088822
0.088357 180.084414
0.088413 180.088767
0.088489 180.102937
0.088481 180.219326
0.088414 180.364567
0.088290 180.473868
0.088122 180.491029
0.087903 180.592708
0.087692 180.710225
0.087484 180.855058
0.087260 181.048836
0.087006 181.272118
0.086749 181.485065
0.086495 181.682840
0.086255 181.856320
0.086034 182.015055
0.085825 182.164544
0.085630 182.314373
0.085430 182.464096
0.085222 182.616551
0.084990 182.786555
0.084744 182.965155
0.084478 183.160963
0.084203 183.363018
0.083931 183.548557
0.083661 183.717004
0.083397 183.866993
0.083139 183.992831
0.082886 184.108039
0.082607 184.211183
0.082322 184.298258
0.082045 184.370727
0.081739 184.424146
0.081438 184.468006
0.081148 184.492312
0.080852 184.524291
0.080556 184.543896
0.080276 184.554011
0.080006 184.561878
0.079651 184.460274
0.072398 179.328477
0.065105 173.690765
0.057883 167.731451
0.051915 162.958229
0.046783 159.033420
q1
0.015246 186.748477
0.015246 186.742782
0.015245 186.735715
0.015245 186.727031
0.015245 186.716446
0.015244 186.708049
0.015242 186.725183
0.015239 186.744971
0.015237 186.765809
0.015234 186.787718
0.015231 186.810707
0.015228 186.834774
0.015225 186.860073
0.015222 186.888223
0.015219 186.917609
0.015216 186.945948
0.015212 186.972078
0.015208 186.989426
0.015203 187.004826
0.015199 187.019797
0.015193 187.039124
0.015188 187.052841
0.015184 187.056004
0.015181 187.045703
0.015178 187.032879
0.015175 187.016530
0.015173 186.994041
0.015171 186.960056
0.015169 186.920537
0.015168 186.876438
0.015167 186.826107
0.015166 186.761968
0.015166 186.691595
0.015165 186.616917
0.015166 186.529378
0.015169 186.436066
0.015170 186.340740
0.015170 186.240557
0.015171 186.139853
0.015170 186.072184
0.015171 185.932224
0.015173 185.804140
0.015177 185.681794
0.015180 185.559304
0.015182 185.424735
0.015184 185.280854
0.015188 185.132222
0.015193 185.007799
0.015198 184.899733
0.015201 184.814728
0.015197 184.763420
0.015183 184.740879
0.015164 184.740973
0.015142 184.766436
0.015120 184.803787
0.015098 184.842588
0.015078 184.881516
0.015060 184.918919
0.015042 184.956928
0.015025 184.997791
0.015007 185.039023
0.014989 185.078324
0.014970 185.107964
0.014952 185.136142
0.014934 185.161538
0.014917 185.181200
0.014898 185.198469
0.014879 185.213516
0.014861 185.225702
0.014844 185.234921
0.014829 185.238865
0.014814 185.238959
0.014800 185.236980
0.014785 185.233989
0.014769 185.229557
0.014752 185.223208
0.014735 185.213378
0.014709 185.191085
0.014682 185.164446
0.014657 185.141019
0.014633 185.114273
0.014609 185.082787
0.014585 185.052465
0.014560 185.010584
0.014534 184.965725
0.014510 184.917007
0.014489 184.862745
0.014470 184.806204
0.014451 184.754138
0.014431 184.707758
0.014410 184.660728
0.014388 184.611190
0.014366 184.558722
0.014345 184.507582
0.014325 184.456617
0.014306 184.406173
0.014287 184.355506
0.014268 184.300606
0.014249 184.234983
0.014234 184.161506
0.014218 184.086408
0.014202 184.013310
0.014184 183.949547
0.014164 183.887975
0.014146 183.820569
0.014132 183.743501
0.014118 183.660025
0.014103 183.579577
0.014089 183.494603
0.014076 183.402664
0.014067 183.304174
0.014059 183.201681
0.014053 183.097981
0.014047 182.997763
0.014040 182.897801
0.014031 182.798235
0.014021 182.695727
0.014012 182.593982
0.014004 182.489920
0.013998 182.384349
0.013994 182.276377
0.013990 182.164901
0.013986 182.053663
0.013980 181.943613
0.013973 181.836475
0.013966 181.731431
0.013960 181.626694
0.013955 181.520845
0.013950 181.408202
0.013945 181.295125
0.013942 181.180791
0.013942 181.062966
0.013947 180.942183
0.013955 180.823916
0.013964 180.710914
0.013973 180.607899
0.013982 180.515056
0.013993 180.425735
0.014006 180.337167
0.014020 180.247720
0.014034 180.159554
0.014047 180.077874
0.014058 180.000363
0.014072 179.920076
0.014088 179.837010
0.014105 179.753419
0.014121 179.673749
0.014136 179.596231
0.014151 179.523172
0.014167 179.446838
0.014185 179.369684
0.014202 179.298993
0.014220 179.235595
0.014236 179.179916
0.014251 179.130062
0.014267 179.084138
0.014285 179.041767
0.014304 179.003407
0.014326 178.965005
0.014351 178.922411
0.014365 178.907280
0.014384 178.901356
0.014405 178.982194
0.014416 179.109062
0.014410 179.229670
0.014377 179.260404
0.014343 179.407658
0.014311 179.573552
0.014279 179.768346
0.014245 180.016159
0.014202 180.297953
0.014158 180.566698
0.014114 180.817182
0.014073 181.038389
0.014035 181.241651
0.013999 181.433091
0.013965 181.619983
0.013931 181.802956
0.013897 181.983659
0.013860 182.173427
0.013821 182.365750
0.013780 182.564775
0.013738 182.764350
0.013694 182.945166
0.013651 183.107854
0.013608 183.255223
0.013566 183.381213
0.013525 183.498532
0.013483 183.598998
0.013441 183.684020
0.013401 183.757760
0.013360 183.802214
0.013321 183.837650
0.013283 183.858818
0.013243 183.874749
0.013203 183.874575
0.013165 183.872253
0.013129 183.871242
0.013089 184.030478
0.012452 193.073295
0.011876 202.581359
0.011356 212.323058
0.010908 220.309681
0.010501 227.084048
p1
0.030889 189.595485
0.030887 189.592803
0.030885 189.589522
0.030882 189.585536
0.030879 189.580723
0.030877 189.574358
0.030885 189.564932
0.030894 189.554620
0.030904 189.543444
0.030914 189.531324
0.030925 189.518173
0.030936 189.503893
0.030947 189.488464
0.030960 189.472659
0.030973 189.455502
0.030985 189.435631
0.030995 189.415628
0.030999 189.395786
0.031000 189.375563
0.031001 189.354859
0.031000 189.325954
0.030996 189.299812
0.030990 189.273788
0.030978 189.243443
0.030966 189.209107
0.030956 189.170077
0.030947 189.122791
0.030940 189.060494
0.030934 188.991700
0.030928 188.916585
0.030922 188.834694
0.030910 188.746995
0.030898 188.655089
0.030886 188.558505
0.030874 188.460066
0.030862 188.361808
0.030849 188.261071
0.030834 188.155413
0.030820 188.047468
0.030808 187.973698
0.030785 187.818239
0.030759 187.676691
0.030735 187.543611
0.030714 187.413154
0.030692 187.276887
0.030673 187.135770
0.030654 186.993724
0.030636 186.874050
0.030619 186.770992
0.030602 186.688572
0.030576 186.635597
0.030539 186.609549
0.030496 186.602650
0.030452 186.616229
0.030401 186.641266
0.030350 186.668866
0.030302 186.697341
0.030254 186.724477
0.030212 186.750829
0.030179 186.771774
0.030151 186.788045
0.030120 186.802599
0.030088 186.810610
0.030057 186.819357
0.030027 186.827406
0.029997 186.833502
0.029970 186.837497
0.029942 186.840831
0.029912 186.843329
0.029882 186.845270
0.029853 186.847308
0.029823 186.848318
0.029794 186.848110
0.029765 186.846642
0.029734 186.843019
0.029692 186.836096
0.029649 186.824752
0.029587 186.799762
0.029526 186.772188
0.029480 186.751061
0.029445 186.730923
0.029408 186.709722
0.029371 186.682387
0.029338 186.631153
0.029303 186.579514
0.029261 186.526427
0.029216 186.474256
0.029168 186.426157
0.029120 186.383526
0.029075 186.345710
0.029028 186.305785
0.028980 186.260950
0.028930 186.210624
0.028887 186.152881
0.028846 186.091249
0.028808 186.031437
0.028772 185.973334
0.028733 185.917771
0.028691 185.866940
0.028645 185.815812
0.028600 185.759786
0.028559 185.695817
0.028529 185.633780
0.028509 185.573776
0.028492 185.509778
0.028462 185.436692
0.028427 185.354385
0.028401 185.273202
0.028385 185.194107
0.028373 185.113444
0.028352 185.024597
0.028323 184.931399
0.028291 184.839585
0.028265 184.753649
0.028241 184.666273
0.028218 184.575837
0.028197 184.473962
0.028178 184.372784
0.028164 184.277883
0.028157 184.189381
0.028148 184.099061
0.028132 184.001164
0.028118 183.904623
0.028107 183.813128
0.028106 183.734214
0.028112 183.660955
0.028117 183.584955
0.028118 183.501781
0.028106 183.395980
0.028095 183.289856
0.028083 183.183997
0.028079 183.086366
0.028087 182.997008
0.028104 182.914312
0.028125 182.838001
0.028151 182.760942
0.028184 182.677725
0.028214 182.599908
0.028245 182.532500
0.028277 182.477269
0.028309 182.429282
0.028335 182.378634
0.028367 182.327561
0.028405 182.284039
0.028449 182.246621
0.028495 182.212690
0.028533 182.175460
0.028568 182.136654
0.028597 182.092242
0.028637 182.062256
0.028685 182.050585
0.028728 182.043302
0.028766 182.038141
0.028797 182.031926
0.028828 182.022005
0.028863 182.015474
0.028905 182.015409
0.028945 182.019857
0.028989 182.049698
0.029039 182.104136
0.029068 182.142689
0.029103 182.192725
0.029110 182.314199
0.029095 182.461625
0.029061 182.574539
0.029020 182.597438
0.028957 182.696053
0.028891 182.807006
0.028823 182.938090
0.028746 183.104317
0.028672 183.293327
0.028598 183.475083
0.028524 183.645414
0.028453 183.796463
0.028386 183.932765
0.028323 184.059168
0.028259 184.175705
0.028193 184.290966
0.028123 184.406742
0.028044 184.541206
0.027962 184.685502
0.027873 184.844037
0.027781 185.007658
0.027691 185.148625
0.027604 185.267276
0.027519 185.366921
0.027435 185.435824
0.027354 185.495934
0.027262 185.550451
0.027170 185.594286
0.027083 185.627673
0.026993 185.660954
0.026908 185.691608
0.026829 185.708646
0.026759 185.738494
0.026702 185.765743
0.026650 185.788840
0.026601 185.812920
0.026520 185.980947
0.024186 194.768100
0.021915 204.437648
0.019727 214.669184
0.017891 222.936368
0.016279 229.809582
m2
0.727254 356.102559
0.727219 356.096126
0.727177 356.088243
0.727126 356.078655
0.727066 356.067066
0.726940 356.052403
0.726606 356.032737
0.726234 356.011435
0.725825 355.988538
0.725377 355.963924
0.724886 355.937459
0.724345 355.909002
0.723752 355.878591
0.723124 355.848038
0.722432 355.815299
0.721637 355.777484
0.720554 355.744251
0.718941 355.710550
0.717113 355.675372
0.715136 355.638842
0.712158 355.586798
0.709015 355.538566
0.705543 355.491635
0.701620 355.438558
0.697602 355.379465
0.693389 355.318197
0.688984 355.246372
0.684154 355.154987
0.679154 355.058398
0.674009 354.955328
0.668656 354.841980
0.662894 354.718560
0.656982 354.588181
0.650932 354.449497
0.644540 354.300564
0.637861 354.145485
0.630989 353.983764
0.623782 353.814332
0.616287 353.639673
0.611045 353.520713
0.599678 353.267666
0.588459 353.032710
0.577379 352.808855
0.566408 352.593984
0.555274 352.376633
0.544195 352.157681
0.533403 351.935727
0.523213 351.750694
0.513632 351.597222
0.504755 351.484476
0.496876 351.447830
0.489904 351.486237
0.483920 351.568360
0.479065 351.683451
0.475025 351.815178
0.471561 351.955218
0.468428 352.094936
0.465624 352.228088
0.463210 352.352287
0.460908 352.467964
0.458693 352.575984
0.456540 352.681290
0.454638 352.746340
0.452919 352.818231
0.451352 352.892823
0.449927 352.966917
0.448635 353.032806
0.447408 353.098027
0.446237 353.161850
0.445117 353.223999
0.444049 353.283508
0.443032 353.339353
0.442065 353.391942
0.441147 353.441046
0.440282 353.484678
0.439453 353.513829
0.438709 353.525578
0.437830 353.513320
0.437117 353.494728
0.436487 353.487726
0.435920 353.477387
0.435409 353.458556
0.434919 353.450153
0.434407 353.454986
0.433852 353.459848
0.433281 353.462066
0.432716 353.460935
0.432146 353.459082
0.431566 353.457565
0.430971 353.458130
0.430370 353.460173
0.429783 353.462861
0.429203 353.466354
0.428599 353.472884
0.428000 353.480300
0.427403 353.488476
0.426811 353.496987
0.426225 353.506596
0.425632 353.518392
0.425070 353.528305
0.424530 353.537121
0.424007 353.545396
0.423494 353.552866
0.423011 353.559398
0.422573 353.564429
0.422158 353.567795
0.421766 353.569178
0.421422 353.568989
0.421127 353.567496
0.420872 353.564348
0.420645 353.558641
0.420456 353.551992
0.420310 353.544205
0.420182 353.535890
0.420078 353.527181
0.420000 353.518338
0.419941 353.510712
0.419883 353.503989
0.419835 353.497687
0.419805 353.491748
0.419784 353.485892
0.419757 353.480114
0.419729 353.474861
0.419710 353.469823
0.419705 353.463612
0.419707 353.456126
0.419712 353.447753
0.419731 353.437441
0.419796 353.422867
0.419876 353.404138
0.419976 353.380969
0.420103 353.353132
0.420269 353.319032
0.420465 353.279608
0.420691 353.237704
0.420961 353.192232
0.421281 353.143160
0.421607 353.092988
0.421975 353.040037
0.422393 352.984441
0.422847 352.926875
0.423317 352.867470
0.423782 352.806573
0.424266 352.745417
0.424758 352.683484
0.425262 352.621011
0.425767 352.559434
0.426275 352.500462
0.426788 352.442644
0.427302 352.385662
0.427816 352.330421
0.428322 352.277790
0.428814 352.227895
0.429288 352.178763
0.429711 352.133130
0.430075 352.089929
0.430391 352.047481
0.430660 352.006290
0.430882 351.972062
0.431087 351.945422
0.431188 351.938459
0.431278 351.961085
0.430491 352.206135
0.430538 352.643564
0.432054 353.083243
0.435255 353.278116
0.439913 353.667403
0.444833 354.058725
0.450006 354.469281
0.455491 354.943161
0.460775 355.455000
0.465599 355.940048
0.470002 356.394066
0.473907 356.802355
0.477436 357.176486
0.480699 357.527213
0.483611 357.857766
0.486303 358.185578
0.488720 358.515117
0.490891 358.864970
0.492843 359.220497
0.494524 359.586719
0.496020 359.952959
0.497170 0.283031
0.498004 360.578878
0.498662 0.848260
0.498919 1.076835
0.499112 1.288822
0.498919 1.483527
0.498510 1.653257
0.498039 1.800669
0.497118 1.911057
0.496153 2.006783
0.495121 2.072165
0.493995 2.129905
0.492719 2.164629
0.491488 2.191361
0.490313 2.212910
0.488859 362.184154
0.466459 360.877334
0.443785 359.541499
0.421209 358.200958
0.402825 357.136466
0.387303 356.265952
s2
0.119322 14.967646
0.119317 14.959373
0.119310 14.949170
0.119301 14.936693
0.119291 14.921547
0.119274 14.906123
0.119237 14.907242
0.119197 14.909399
0.119152 14.911365
0.119102 14.913075
0.119046 14.914449
0.118983 14.915392
0.118914 14.916042
0.118840 14.918782
0.118757 14.921072
0.118661 14.919321
0.118526 14.918892
0.118311 14.916634
0.118065 14.913392
0.117795 14.909421
0.117385 14.902600
0.116943 14.895348
0.116443 14.883317
0.115870 14.858866
0.115275 14.828721
0.114640 14.795571
0.113966 14.752824
0.113219 14.692217
0.112434 14.625641
0.111617 14.552745
0.110761 14.469426
0.109831 14.371912
0.108868 14.268278
0.107877 14.158076
0.106815 14.039725
0.105700 13.916929
0.104547 13.790878
0.103328 13.662039
0.102061 13.528521
0.101172 13.439528
0.099245 13.253687
0.097345 13.085245
0.095470 12.927351
0.093612 12.781074
0.091720 12.629998
0.089831 12.476726
0.087986 12.318055
0.086244 12.193041
0.084611 12.097766
0.083103 12.042077
0.081775 12.063231
0.080611 12.160293
0.079623 12.300283
0.078835 12.471058
0.078194 12.655372
0.077657 12.845696
0.077174 13.034801
0.076744 13.217322
0.076376 13.392867
0.076023 13.561436
0.075682 13.722905
0.075353 13.880009
0.075062 13.990340
0.074803 14.108213
0.074568 14.230810
0.074357 14.356216
0.074163 14.476001
0.073980 14.595411
0.073806 14.713453
0.073639 14.829570
0.073479 14.943386
0.073324 15.054967
0.073176 15.164793
0.073034 15.272789
0.072898 15.376901
0.072765 15.465684
0.072644 15.535363
0.072499 15.605597
0.072383 15.672095
0.072289 15.753220
0.072209 15.832495
0.072142 15.904744
0.072092 15.989243
0.072058 16.086901
0.072035 16.181545
0.072023 16.273974
0.072023 16.365671
0.072032 16.456643
0.072052 16.545434
0.072081 16.631856
0.072118 16.716766
0.072163 16.800330
0.072218 16.882754
0.072279 16.963630
0.072345 17.043314
0.072416 17.122521
0.072494 17.200911
0.072576 17.277781
0.072661 17.353008
0.072752 17.425817
0.072846 17.494597
0.072942 17.558121
0.073040 17.616237
0.073140 17.669643
0.073242 17.718881
0.073345 17.761195
0.073449 17.795932
0.073553 17.823429
0.073658 17.844078
0.073765 17.858002
0.073873 17.866318
0.073984 17.870870
0.074097 17.871419
0.074211 17.868770
0.074329 17.863746
0.074449 17.856936
0.074572 17.850308
0.074698 17.843724
0.074825 17.837360
0.074956 17.831947
0.075089 17.827326
0.075225 17.822765
0.075363 17.818515
0.075504 17.814768
0.075648 17.811382
0.075794 17.807346
0.075941 17.801109
0.076089 17.792076
0.076234 17.777675
0.076374 17.756997
0.076508 17.729885
0.076636 17.697690
0.076753 17.658136
0.076856 17.610470
0.076945 17.555577
0.077019 17.495736
0.077081 17.433461
0.077131 17.366645
0.077168 17.299342
0.077192 17.232933
0.077205 17.167589
0.077208 17.103688
0.077207 17.040918
0.077202 16.979405
0.077191 16.919452
0.077176 16.861086
0.077158 16.803133
0.077138 16.745360
0.077115 16.688057
0.077087 16.630313
0.077054 16.571550
0.077016 16.510601
0.076973 16.447188
0.076925 16.380035
0.076869 16.305461
0.076805 16.226211
0.076736 16.143858
0.076660 16.060392
0.076576 15.977554
0.076462 15.882413
0.076383 15.836648
0.076272 15.817244
0.076064 16.081417
0.076043 16.543483
0.076295 16.983127
0.076810 17.125762
0.077617 17.459225
0.078464 17.793379
0.079351 18.144672
0.080299 18.556712
0.081216 19.006786
0.082051 19.430585
0.082810 19.824347
0.083476 20.174822
0.084072 20.496558
0.084619 20.799461
0.085097 21.092703
0.085540 21.383821
0.085939 21.676975
0.086303 21.983826
0.086633 22.293157
0.086918 22.610107
0.087174 22.926232
0.087360 23.216193
0.087485 23.481394
0.087577 23.725528
0.087597 23.938645
0.087607 24.138156
0.087557 24.315447
0.087471 24.469015
0.087374 24.603790
0.087195 24.698074
0.087009 24.777819
0.086810 24.832559
0.086585 24.880516
0.086322 24.913421
0.086067 24.941265
0.085824 24.964520
0.085399 24.989052
0.074156 26.318289
0.062694 27.951127
0.051219 29.801009
0.041795 31.197978
0.033763 32.255521
k2
0.034438 11.303355
0.034438 11.295337
0.034438 11.285463
0.034438 11.273407
0.034438 11.258788
0.034434 11.242960
0.034412 11.237981
0.034388 11.233345
0.034362 11.228135
0.034333 11.222275
0.034301 11.215676
0.034267 11.208236
0.034229 11.200088
0.034188 11.193610
0.034143 11.186275
0.034093 11.174507
0.034031 11.164061
0.033947 11.149731
0.033852 11.133627
0.033749 11.116396
0.033593 11.090860
0.033429 11.065059
0.033250 11.035205
0.033051 10.994437
0.032845 10.947983
0.032626 10.897614
0.032396 10.837073
0.032143 10.757380
0.031880 10.671528
0.031607 10.579133
0.031322 10.476460
0.031018 10.360697
0.030705 10.238546
0.030383 10.109389
0.030042 9.970560
0.029687 9.825914
0.029320 9.676806
0.028936 9.522968
0.028537 9.363161
0.028258 9.255755
0.027656 9.029545
0.027063 8.822046
0.026479 8.625622
0.025903 8.439071
0.025321 8.247058
0.024742 8.050682
0.024178 7.846629
0.023648 7.682148
0.023151 7.550693
0.022690 7.463027
0.022281 7.457569
0.021919 7.533085
0.021606 7.654495
0.021350 7.810334
0.021136 7.984417
0.020952 8.167742
0.020784 8.351025
0.020631 8.527844
0.020496 8.697704
0.020366 8.862341
0.020241 9.021479
0.020120 9.178243
0.020011 9.289340
0.019913 9.408350
0.019822 9.531708
0.019738 9.656459
0.019661 9.773245
0.019588 9.888753
0.019519 10.001979
0.019454 10.111911
0.019396 10.215063
0.019341 10.311967
0.019291 10.403383
0.019245 10.489281
0.019203 10.566905
0.019165 10.626740
0.019132 10.664082
0.019097 10.679412
0.019075 10.684327
0.019065 10.699291
0.019064 10.706672
0.019071 10.701578
0.019084 10.704610
0.019102 10.719707
0.019123 10.731286
0.019149 10.739955
0.019177 10.746362
0.019207 10.751627
0.019240 10.756621
0.019276 10.761716
0.019313 10.767786
0.019352 10.774315
0.019392 10.781826
0.019432 10.791185
0.019473 10.801236
0.019513 10.812422
0.019555 10.824466
0.019597 10.836549
0.019642 10.848478
0.019689 10.859430
0.019737 10.868896
0.019785 10.876088
0.019833 10.880525
0.019883 10.882043
0.019934 10.881092
0.019987 10.877667
0.020042 10.872237
0.020098 10.864149
0.020155 10.852467
0.020212 10.838279
0.020269 10.823874
0.020326 10.808977
0.020383 10.793507
0.020440 10.778285
0.020498 10.763973
0.020556 10.751363
0.020615 10.741461
0.020675 10.734294
0.020736 10.729903
0.020797 10.728587
0.020859 10.730386
0.020921 10.734488
0.020984 10.740794
0.021049 10.748938
0.021114 10.758478
0.021179 10.768743
0.021246 10.778447
0.021312 10.786846
0.021378 10.790775
0.021445 10.790248
0.021511 10.784896
0.021578 10.775047
0.021643 10.757445
0.021706 10.731675
0.021766 10.697653
0.021822 10.655382
0.021876 10.606390
0.021926 10.552300
0.021974 10.491657
0.022019 10.425520
0.022064 10.354735
0.022108 10.279945
0.022152 10.201997
0.022197 10.121625
0.022241 10.038796
0.022286 9.953804
0.022331 9.867783
0.022374 9.781214
0.022417 9.693363
0.022459 9.605446
0.022500 9.518262
0.022540 9.432489
0.022577 9.348815
0.022611 9.267119
0.022638 9.189121
0.022659 9.115683
0.022674 9.047423
0.022683 8.983849
0.022687 8.927396
0.022689 8.869330
0.022683 8.847436
0.022671 8.861311
0.022620 9.159297
0.022626 9.663998
0.022714 10.148991
0.022882 10.334719
0.023139 10.724116
0.023408 11.115054
0.023689 11.525526
0.023987 12.002214
0.024275 12.521054
0.024538 13.009615
0.024778 13.463818
0.024990 13.868052
0.025181 14.237269
0.025356 14.583264
0.025511 14.912473
0.025654 15.238018
0.025783 15.563836
0.025902 15.904645
0.026010 16.247749
0.026106 16.597448
0.026193 16.945243
0.026258 17.259349
0.026305 17.541932
0.026342 17.800475
0.026356 18.021157
0.026366 18.226609
0.026357 18.411493
0.026338 18.570872
0.026314 18.708751
0.026267 18.802233
0.026218 18.879464
0.026164 18.927451
0.026104 18.965367
0.026032 18.981556
0.025963 18.990415
0.025897 18.993342
0.025785 19.218682
0.023128 33.005967
0.020678 48.544715
0.018427 65.250907
0.016499 78.664024
0.014763 89.706338
n2
0.161268 338.102144
0.161262 338.094882
0.161255 338.085963
0.161247 338.075097
0.161237 338.061945
0.161221 338.046356
0.161187 338.034297
0.161149 338.021689
0.161105 338.007968
0.161056 337.993024
0.161000 337.976736
0.160936 337.958965
0.160864 337.939805
0.160785 337.921563
0.160694 337.901707
0.160587 337.876659
0.160440 337.848797
0.160201 337.813922
0.159924 337.775823
0.159617 337.735369
0.159143 337.675964
0.158629 337.616018
0.158048 337.550376
0.157373 337.471794
0.156674 337.387535
0.155931 337.298909
0.155149 337.199548
0.154291 337.080220
0.153390 336.954043
0.152451 336.820559
0.151465 336.676358
0.150381 336.518135
0.149256 336.352321
0.148096 336.178825
0.146851 335.994451
0.145540 335.803979
0.144182 335.608104
0.142738 335.405649
0.141240 335.198190
0.140184 335.057043
0.137885 334.757159
0.135607 334.476073
0.133348 334.206530
0.131099 333.947847
0.128794 333.685787
0.126486 333.422497
0.124225 333.155903
0.122088 332.925299
0.120077 332.725365
0.118214 332.565148
0.116567 332.478667
0.115118 332.464595
0.113880 332.491355
0.112885 332.547947
0.112059 332.618072
0.111352 332.694124
0.110708 332.770017
0.110126 332.840819
0.109620 332.907207
0.109136 332.968966
0.108666 333.025866
0.108202 333.080139
0.107770 333.094403
0.107376 333.118069
0.107015 333.147719
0.106688 333.180750
0.106384 333.210021
0.106089 333.240025
0.105801 333.269808
0.105517 333.298762
0.105233 333.326537
0.104954 333.352877
0.104683 333.378266
0.104420 333.402682
0.104166 333.424610
0.103921 333.433512
0.103693 333.425713
0.103402 333.387484
0.103152 333.347852
0.102928 333.325272
0.102722 333.304935
0.102532 333.282027
0.102361 333.275690
0.102199 333.285548
0.102042 333.296874
0.101895 333.308322
0.101762 333.320791
0.101638 333.335610
0.101520 333.349514
0.101405 333.362802
0.101294 333.377012
0.101191 333.391726
0.101095 333.406823
0.100996 333.420483
0.100900 333.433040
0.100807 333.445191
0.100718 333.456545
0.100635 333.466662
0.100558 333.476230
0.100493 333.484174
0.100434 333.491329
0.100375 333.496768
0.100315 333.499251
0.100257 333.499007
0.100211 333.498385
0.100172 333.495532
0.100142 333.491632
0.100117 333.485666
0.100098 333.479047
0.100085 333.471830
0.100079 333.463697
0.100075 333.456242
0.100075 333.449502
0.100078 333.441966
0.100084 333.434363
0.100095 333.427257
0.100114 333.421863
0.100135 333.415799
0.100161 333.409488
0.100196 333.404181
0.100234 333.399161
0.100265 333.392529
0.100298 333.385008
0.100329 333.376884
0.100365 333.368137
0.100411 333.358651
0.100464 333.348187
0.100524 333.336832
0.100581 333.324191
0.100646 333.310473
0.100719 333.295478
0.100797 333.278791
0.100882 333.259948
0.100973 333.239897
0.101068 333.218851
0.101169 333.198098
0.101276 333.179788
0.101382 333.157414
0.101494 333.136343
0.101612 333.118210
0.101735 333.101856
0.101863 333.085913
0.101987 333.068198
0.102109 333.050872
0.102226 333.033720
0.102343 333.016705
0.102464 333.000501
0.102589 332.986730
0.102717 332.975309
0.102847 332.965570
0.102974 332.958292
0.103094 332.952997
0.103206 332.949594
0.103308 332.949107
0.103394 332.951491
0.103464 332.956082
0.103522 332.963216
0.103567 332.972984
0.103591 332.987715
0.103598 333.017465
0.103591 333.049040
0.103584 333.129108
0.103440 333.448718
0.103522 333.944310
0.103916 334.413329
0.104585 334.612306
0.105616 334.983212
0.106704 335.355096
0.107847 335.744413
0.109067 336.192585
0.110245 336.677304
0.111313 337.135231
0.112282 337.562652
0.113133 337.945871
0.113901 338.298267
0.114612 338.629840
0.115259 338.947189
0.115859 339.260875
0.116401 339.574726
0.116887 339.903395
0.117323 340.234824
0.117700 340.574326
0.118037 340.912896
0.118301 341.221775
0.118498 341.502591
0.118657 341.760342
0.118735 341.983156
0.118798 342.191248
0.118770 342.379232
0.118690 342.543456
0.118594 342.687924
0.118378 342.795567
0.118148 342.889340
0.117901 342.956803
0.117626 343.018904
0.117310 343.063872
0.117002 343.102503
0.116707 343.136606
0.116191 343.155964
0.102637 343.705220
0.088814 344.372911
0.074971 345.124499
0.063609 345.697040
0.053931 346.137600
o1
0.003419 315.227844 0.001091 329.986969
0.003419 315.227844 0.001091 329.986969
0.003419 315.227844 0.001091 329.986969
0.003419 315.227844 0.001091 329.986969
0.003419 315.227844 0.001091 329.986969
0.003293 303.044464 0.000416 117.264977
0.003376 312.961453 0.001077 350.304565
0.003331 310.693560 0.001096 368.106788
0.003287 308.250363 0.001132 385.748263
0.003242 305.617510 0.001190 402.996673
0.003199 302.779544 0.001272 419.568529
0.003156 299.719482 0.001384 435.121996
0.003116 296.413966 0.001533 449.235937
0.003076 292.793299 0.001734 461.305117
0.003041 288.882982 0.001988 470.816331
0.003013 284.724493 0.002292 477.236716
0.002981 280.563994 0.002654 118.318995
0.003022 276.718856 0.002971 119.252355
0.003094 272.705592 0.003296 120.341856
0.003185 268.422649 0.003645 121.517247
0.003351 262.085417 0.004163 123.281006
0.003586 255.705803 0.004702 125.022115
0.003874 250.324952 0.005263 126.491471
0.004190 246.142241 0.005833 127.473619
0.004518 242.189128 0.006418 128.338167
0.004898 238.658878 0.007052 128.776707
0.005276 235.831013 0.007690 129.207017
0.005644 233.863364 0.008270 129.585722
0.006005 232.150163 0.008837 129.738527
0.006347 230.891337 0.009379 129.831140
0.006675 229.961982 0.009886 129.914996
0.006995 228.960696 0.010352 129.710492
0.007295 228.244846 0.010768 129.472200
0.007592 227.603196 0.011136 129.178626
0.008066 227.462673 0.011595 128.701615
0.008537 227.296920 0.011996 128.099933
0.008966 226.772929 0.012311 127.211082
0.009561 226.301452 0.012708 126.648776
0.010168 225.609989 0.013112 126.376175
0.010453 225.041529 0.013190 126.330906
0.010953 224.378104 0.013246 126.988273
0.011383 222.783370 0.013329 127.142425
0.011823 220.671993 0.013554 126.720191
0.012456 219.400656 0.014158 126.537940
0.012991 220.653599 0.014851 127.969388
0.013602 221.770641 0.015703 129.517313
0.013382 215.461479 0.015186 125.388940
0.013589 216.000949 0.014962 126.174908
0.013684 217.347558 0.014663 126.980270
0.012738 218.368828 0.013192 125.570227
0.011204 217.721153 0.011304 119.396191
0.009424 225.378050 0.008772 119.573624
0.007353 230.365592 0.006406 110.814354
0.003551 223.654933 0.003860 66.407796
0.003823 237.007872 0.002718 97.197817
0.003959 244.778833 0.002187 114.596346
0.003483 248.016877 0.001732 116.906629
0.003084 252.350215 0.001329 120.937189
0.002821 254.566339 0.001177 126.150072
0.002742 256.016458 0.001253 133.515226
0.002600 257.708754 0.001266 136.082790
0.002242 259.231381 0.001015 126.313862
0.002041 263.836072 0.000836 122.229152
0.001818 265.479979 0.000723 113.467430
0.001644 266.444315 0.000667 106.319874
0.001562 269.762804 0.000603 105.394873
0.001494 272.847820 0.000568 102.102009
0.001440 275.955768 0.000533 99.718918
0.001393 279.063303 0.000497 97.634787
0.001350 282.171595 0.000464 95.682316
0.001311 283.723699 0.000461 92.197975
0.001275 285.158962 0.000462 89.185328
0.001246 287.343677 0.000446 85.660735
0.001230 290.728118 0.000403 81.271546
0.001221 294.740166 0.000371 74.583622
0.001178 297.034143 0.000376 68.352802
0.001086 300.661168 0.000428 56.769933
0.000966 309.458879 0.000538 37.695521
0.000927 317.483590 0.000636 28.562406
0.000869 321.879146 0.000752 26.052394
0.000809 323.716849 0.000853 25.979409
0.000714 325.334093 0.000959 26.482849
0.000703 322.900451 0.000929 27.322000
0.000622 323.756747 0.000984 27.827350
0.000585 321.445499 0.000976 29.741295
0.000558 321.595609 0.000977 30.318710
0.000546 319.166621 0.000948 31.959134
0.000512 320.377575 0.000948 32.041982
0.000504 321.766117 0.000929 31.774973
0.000489 321.658144 0.000918 32.644296
0.000469 321.133313 0.000914 33.891206
0.000450 321.020422 0.000912 34.887019
0.000443 325.745428 0.000916 33.457543
0.000442 324.968900 0.000895 34.796451
0.000428 326.404493 0.000897 35.158937
0.000425 328.935977 0.000894 34.864371
0.000425 331.492778 0.000889 34.527262
0.000412 332.987102 0.000896 34.950507
0.000408 333.781611 0.000894 35.402061
0.000407 334.639613 0.000889 35.728072
0.000403 336.207157 0.000890 35.823018
0.000399 337.705702 0.000890 35.958112
0.000399 338.380854 0.000887 36.383442
0.000401 339.501398 0.000884 36.498541
0.000397 340.295134 0.000885 36.889751
0.000394 340.899071 0.000885 37.368873
0.000395 340.632117 0.000878 37.960552
0.000399 340.546429 0.000869 38.325612
0.000400 340.894822 0.000864 38.556138
0.000403 342.430614 0.000862 38.355983
0.000403 344.415422 0.000864 38.046305
0.000404 346.441511 0.000866 37.719231
0.000403 349.216252 0.000875 37.279690
0.000406 350.994478 0.000878 37.130925
0.000411 351.548045 0.000875 37.259287
0.000417 352.132275 0.000872 37.377687
0.000422 353.213876 0.000873 37.418997
0.000414 353.888106 0.000880 38.006496
0.000418 354.731967 0.000883 38.025526
0.000424 355.645687 0.000884 37.951572
0.000427 356.861892 0.000890 37.889027
0.000429 358.677203 0.000900 37.551392
0.000434 360.252185 0.000907 37.179520
0.000440 1.734140 0.000915 36.826661
0.000447 1.959731 0.000917 36.890189
0.000450 361.293025 0.000919 37.408533
0.000452 360.408647 0.000921 37.993957
0.000454 359.575575 0.000922 38.533975
0.000453 358.606930 0.000924 39.104490
0.000448 357.545737 0.000927 39.826291
0.000445 356.849736 0.000932 40.287648
0.000445 357.153857 0.000939 40.114594
0.000444 357.836881 0.000948 39.970218
0.000445 358.799931 0.000958 39.737145
0.000444 358.895530 0.000965 39.786727
0.000444 358.508700 0.000971 39.949113
0.000446 358.694040 0.000979 39.822151
0.000435 358.299796 0.000994 40.327339
0.000431 356.613834 0.000999 40.870109
0.000431 355.072201 0.001002 41.266517
0.000443 354.319873 0.000999 40.770560
0.000416 353.582921 0.001025 41.639399
0.000427 349.158274 0.001013 42.392471
0.000422 347.497325 0.001024 42.443684
0.000417 345.825608 0.001036 42.499641
0.000415 342.930665 0.001040 42.612933
0.000419 338.713063 0.001037 42.859714
0.000424 334.432591 0.001034 43.175375
0.000413 331.020778 0.001046 43.325768
0.000410 327.121180 0.001057 43.597934
0.000416 323.381543 0.001057 43.249465
0.000424 319.986392 0.001058 42.761108
0.000434 316.767226 0.001059 42.313899
0.000454 311.314121 0.001048 42.564310
0.000472 308.958808 0.001043 41.344893
0.000529 306.477804 0.000991 40.360580
0.000508 304.207565 0.001016 38.842951
0.000522 298.194901 0.000977 39.249948
0.000530 295.740974 0.000940 39.350769
0.000558 290.936185 0.000912 41.115823
0.000556 285.279410 0.000916 43.585016
0.000803 272.021495 0.000905 59.571648
0.001903 286.989530 0.003023 70.272504
0.008884 265.221931 0.011012 114.507196
0.018710 240.443804 0.021999 160.583922
0.021518 254.145918 0.026633 165.264063
0.023034 256.859144 0.027664 166.394982
0.023077 257.106226 0.027866 164.543823
0.022505 256.700459 0.028039 161.671595
0.022453 259.808128 0.028927 163.278429
0.022213 262.215309 0.029477 164.555740
0.020994 263.205454 0.028676 165.376687
0.019216 263.535686 0.027014 165.859438
0.017610 264.853367 0.025252 166.238073
0.016230 265.639218 0.023866 166.109914
0.015024 266.527042 0.022724 165.925275
0.014399 269.791061 0.022228 166.901753
0.013933 271.132447 0.022136 166.933823
0.013740 269.609952 0.022715 165.554132
0.013824 270.375673 0.023339 165.033567
0.014134 272.642333 0.024025 165.155551
0.014068 274.427246 0.024329 165.395036
0.013794 275.986132 0.024466 165.710753
0.012817 278.979788 0.023832 166.330916
0.011215 283.536069 0.022483 167.323285
0.009737 288.119058 0.021262 167.855685
0.008885 292.090646 0.020595 167.532557
0.008109 296.589487 0.019910 167.440903
0.007580 300.701037 0.019485 167.364176
0.007126 305.359757 0.019118 167.296681
0.006666 310.930530 0.018691 167.258180
0.006421 319.435668 0.018231 167.685054
0.006043 327.420090 0.017731 167.321583
0.005457 334.971894 0.017148 166.045063
0.004971 340.731548 0.016523 164.562069
0.005096 344.159391 0.016125 163.766374
0.005101 344.792501 0.015829 161.464794
0.004813 343.026619 0.015522 157.524755
0.000228 144.031662 0.001351 144.056091
0.000228 144.031662 0.001351 144.056091
0.000228 144.031662 0.001351 144.056091
0.000228 144.031662 0.001351 144.056091
0.001598 429.731097 0.007425 402.793005
0.001263 446.601034 0.006158 383.625550
k1
0.005436 316.638123 0.001802 322.713623
0.005436 316.638123 0.001802 322.713623
0.005436 316.638123 0.001802 322.713623
0.005436 316.638123 0.001802 322.713623
0.005436 316.638123 0.001802 322.713623
0.005203 302.043121 0.000131 152.612625
0.005348 314.109195 0.001668 316.256659
0.005256 311.628703 0.001592 315.834243
0.005160 308.977306 0.001540 317.309417
0.005061 306.143985 0.001519 321.113408
0.004959 303.117322 0.001536 327.751505
0.004854 299.885182 0.001601 337.817380
0.004747 296.430812 0.001725 352.174557
0.004634 292.699679 0.001931 373.356257
0.004519 288.718178 0.002224 400.722085
0.004411 284.526246 0.002606 433.051164
0.004330 280.038651 0.003107 119.909647
0.004391 275.645769 0.003558 120.112250
0.004493 271.168589 0.004013 121.028738
0.004613 266.554697 0.004489 121.921880
0.004813 260.047186 0.005175 123.078130
0.005079 254.177358 0.005847 124.096307
0.005418 249.320587 0.006537 125.101309
0.005812 245.298802 0.007251 125.927603
0.006223 241.480986 0.007984 126.644069
0.006693 238.082015 0.008773 127.027178
0.007160 235.311039 0.009565 127.435325
0.007618 233.362244 0.010289 127.829162
0.008070 231.560814 0.011006 127.985388
0.008482 230.084635 0.011688 128.047011
0.008862 228.887452 0.012324 128.075198
0.009245 227.658635 0.012931 127.862566
0.009598 226.639859 0.013488 127.555877
0.009958 225.730379 0.014007 127.155987
0.010500 225.653025 0.014627 126.799459
0.011034 225.468021 0.015186 126.238396
0.011539 224.756825 0.015675 125.238973
0.012194 224.397520 0.016215 124.612669
0.012888 224.035825 0.016754 124.376676
0.013209 223.542260 0.016910 124.194483
0.013767 222.858988 0.017080 124.313974
0.014284 221.496109 0.017293 124.066705
0.014827 219.641386 0.017638 123.294603
0.015611 218.732010 0.018358 122.938186
0.016186 220.160771 0.019030 124.114441
0.016962 221.508299 0.019957 125.504486
0.016773 214.951502 0.019527 120.931960
0.016992 215.394703 0.019195 121.608157
0.017176 216.800692 0.018812 122.616786
0.015964 217.759539 0.016879 121.488549
0.014414 215.706204 0.014817 114.948954
0.011862 224.588424 0.011141 117.306395
0.009476 226.752855 0.008297 112.267435
0.005989 202.491073 0.006557 74.337931
0.005379 227.343655 0.004166 98.910585
0.005125 241.030740 0.003046 113.355314
0.004548 243.837954 0.002485 115.596413
0.003996 248.681622 0.001901 119.780425
0.003668 250.704810 0.001697 123.844087
0.003588 252.056083 0.001780 130.080485
0.003381 253.536166 0.001747 131.196963
0.002867 253.633390 0.001400 119.609243
0.002694 259.369609 0.001165 121.433792
0.002377 260.086583 0.001012 112.262766
0.002123 259.667664 0.000950 103.784431
0.002048 263.514003 0.000843 106.204633
0.001972 265.861192 0.000804 104.365149
0.001902 268.794643 0.000747 102.986516
0.001841 271.943920 0.000682 102.208660
0.001784 274.719786 0.000633 101.466523
0.001725 275.525343 0.000636 97.760116
0.001669 276.140012 0.000647 94.527123
0.001624 278.042870 0.000620 91.579280
0.001600 281.855511 0.000538 88.969559
0.001571 286.220498 0.000470 81.540503
0.001502 287.569358 0.000482 75.746943
0.001372 290.189716 0.000534 64.047205
0.001204 298.164292 0.000616 42.390633
0.001131 306.017310 0.000705 30.179738
0.001036 310.587074 0.000842 25.373904
0.000961 313.104529 0.000957 23.326573
0.000834 315.379643 0.001095 22.953874
0.000858 312.741531 0.001031 23.724505
0.000747 313.926874 0.001114 24.098563
0.000707 311.227987 0.001109 26.276773
0.000673 311.785827 0.001119 26.585502
0.000674 308.352334 0.001075 28.771658
0.000627 309.896759 0.001089 28.558933
0.000622 312.095587 0.001067 27.697734
0.000606 311.610961 0.001055 28.703914
0.000580 310.033261 0.001054 30.498999
0.000556 309.129670 0.001056 31.841893
0.000541 316.149955 0.001070 29.142562
0.000552 313.565649 0.001032 31.257578
0.000532 314.340047 0.001038 31.855795
0.000527 317.199516 0.001036 31.305539
0.000528 320.163613 0.001030 30.671669
0.000504 320.968548 0.001045 31.465539
0.000500 321.331711 0.001042 32.119786
0.000502 322.216931 0.001034 32.386385
0.000495 323.936786 0.001038 32.424978
0.000488 325.527594 0.001042 32.540964
0.000489 325.784188 0.001036 33.161149
0.000492 326.907078 0.001032 33.279068
0.000485 327.765086 0.001037 33.679484
0.000480 328.353676 0.001039 34.201863
0.000483 328.249737 0.001030 34.790001
0.000490 328.376347 0.001019 35.155231
0.000490 328.911914 0.001016 35.439224
0.000492 330.606422 0.001014 35.223834
0.000493 332.223085 0.001015 35.079046
0.000493 333.865716 0.001017 34.919628
0.000489 336.777561 0.001029 34.417692
0.000492 338.701126 0.001033 34.210887
0.000498 339.246665 0.001029 34.394448
0.000505 339.831414 0.001025 34.568527
0.000510 341.047461 0.001026 34.580354
0.000497 341.569726 0.001037 35.300493
0.000502 342.518148 0.001039 35.314945
0.000510 343.582680 0.001040 35.206445
0.000511 344.849216 0.001047 35.192743
0.000511 346.629014 0.001058 34.939530
0.000515 348.189441 0.001065 34.640450
0.000520 349.743849 0.001074 34.356614
0.000527 350.267267 0.001077 34.454221
0.000531 349.852349 0.001079 34.973754
0.000533 349.254856 0.001081 35.536505
0.000536 348.683109 0.001082 36.049026
0.000537 347.887875 0.001081 36.612941
0.000533 346.991870 0.001084 37.361349
0.000529 346.532276 0.001089 37.858129
0.000529 347.083093 0.001096 37.753688
0.000528 347.868982 0.001105 37.712958
0.000528 348.978454 0.001115 37.562315
0.000528 349.279394 0.001121 37.666116
0.000528 349.118976 0.001125 37.889157
0.000531 349.591150 0.001132 37.835153
0.000518 349.322696 0.001147 38.432183
0.000515 348.145793 0.001150 39.018359
0.000516 347.101955 0.001150 39.480071
0.000528 346.817720 0.001145 39.236839
0.000503 346.160839 0.001168 40.125376
0.000512 343.141204 0.001155 40.938487
0.000508 342.066808 0.001161 41.196400
0.000505 341.012041 0.001168 41.452024
0.000505 339.056301 0.001167 41.782220
0.000508 335.964178 0.001159 42.395837
0.000511 332.790245 0.001152 43.085717
0.000502 331.004602 0.001159 43.398111
0.000491 328.049452 0.001168 44.137899
0.000497 325.734869 0.001158 44.122038
0.000506 323.897280 0.001146 43.836963
0.000516 322.150598 0.001136 43.555084
0.000525 317.242520 0.001116 44.573643
0.000528 316.547235 0.001105 43.178979
0.000590 314.650436 0.001027 42.078061
0.000547 313.027448 0.001051 40.822423
0.000554 306.720630 0.000997 41.385783
0.000556 304.726390 0.000951 40.664997
0.000589 298.751878 0.000907 42.002573
0.000576 294.348977 0.000915 43.278212
0.000824 283.924569 0.000855 57.344976
0.001791 293.717702 0.002482 75.839513
0.008642 274.214699 0.009755 122.412521
0.018166 252.740000 0.019839 168.652723
0.021184 262.409338 0.023886 171.404465
0.022877 265.876672 0.024969 173.506008
0.022989 266.849908 0.025026 172.335298
0.022561 266.878048 0.025029 169.814683
0.023038 270.215909 0.026102 171.733067
0.023241 272.813344 0.026808 173.291697
0.022328 274.223324 0.026113 174.300575
0.020781 275.105728 0.024536 174.928035
0.019439 276.873277 0.022911 175.466486
0.018303 278.002994 0.021676 175.272679
0.017338 279.190288 0.020687 174.998733
0.016975 282.846828 0.020280 176.406085
0.016770 284.342061 0.020386 176.450228
0.016851 282.612067 0.021340 174.457268
0.017145 283.252770 0.022202 173.783775
0.017605 285.436447 0.023028 174.047715
0.017727 287.220970 0.023595 174.403928
0.017661 288.814911 0.024063 174.836903
0.016710 291.267485 0.023626 175.226430
0.014998 294.607587 0.022369 175.660222
0.013400 298.053587 0.021241 175.777406
0.012422 301.315500 0.020746 175.498141
0.011548 304.890447 0.020236 175.559116
0.010775 308.041741 0.020011 175.467322
0.009964 311.245580 0.019828 175.234810
0.009091 314.739214 0.019561 174.953833
0.008475 320.712216 0.019310 175.532025
0.007718 326.651200 0.018958 175.604544
0.006705 332.417965 0.018423 175.011440
0.005888 337.402998 0.017953 174.261558
0.005788 341.798789 0.017795 174.360676
0.005641 345.041778 0.017670 173.942982
0.005289 347.100392 0.017497 172.801572
0.000361 60.774181 0.001996 168.511597
0.000361 60.774181 0.001996 168.511597
0.000361 60.774181 0.001996 168.511597
0.000361 60.774181 0.001996 168.511597
0.001698 389.928983 0.008223 208.512861
0.001343 397.779377 0.006771 216.328715
q1
0.000739 311.982544 0.000248 322.025940
0.000739 311.982544 0.000248 322.025940
0.000739 311.982544 0.000248 322.025940
0.000739 311.982544 0.000248 322.025940
0.000739 311.982544 0.000248 322.025940
0.000694 298.652344 0.000049 39.647987
0.000727 309.568258 0.000233 336.157455
0.000715 307.149541 0.000225 349.656995
0.000703 304.526724 0.000221 363.497743
0.000692 301.680660 0.000220 377.607597
0.000681 298.590348 0.000225 391.893523
0.000670 295.232378 0.000235 406.239493
0.000661 291.576060 0.000253 420.527830
0.000652 287.543949 0.000282 434.844232
0.000644 283.150554 0.000321 448.707333
0.000640 278.424604 0.000372 461.508036
0.000638 273.664154 0.000437 111.846682
0.000653 269.537299 0.000498 115.241140
0.000673 265.391616 0.000563 117.357532
0.000695 261.072469 0.000631 119.382292
0.000730 254.886310 0.000732 121.923435
0.000775 249.130327 0.000836 123.858777
0.000829 244.231384 0.000945 125.279046
0.000888 240.166831 0.001055 126.226567
0.000950 236.331144 0.001167 127.046422
0.001019 232.900476 0.001286 127.343358
0.001089 230.013481 0.001407 127.623931
0.001159 227.933537 0.001518 127.913797
0.001229 226.106790 0.001627 128.032734
0.001295 224.618369 0.001731 128.089278
0.001358 223.389249 0.001828 128.129968
0.001421 222.190283 0.001919 127.946229
0.001480 221.249650 0.002001 127.733796
0.001539 220.473893 0.002077 127.493857
0.001624 220.249436 0.002169 127.019544
0.001711 219.997324 0.002252 126.391195
0.001795 219.437479 0.002322 125.489138
0.001903 218.954717 0.002405 124.793810
0.002014 218.426166 0.002486 124.471312
0.002070 217.996231 0.002507 124.507267
0.002174 217.593781 0.002536 125.294317
0.002259 216.417694 0.002563 125.642428
0.002344 214.774822 0.002614 125.366679
0.002463 213.808718 0.002735 125.074813
0.002556 214.898067 0.002877 126.169822
0.002669 215.976725 0.003051 127.497132
0.002643 210.406845 0.002946 123.866376
0.002694 211.173589 0.002910 124.593482
0.002717 212.783713 0.002858 125.307605
0.002540 214.087073 0.002584 123.774351
0.002243 214.324935 0.002226 117.917364
0.001897 221.491693 0.001744 116.939682
0.001488 228.097099 0.001267 107.667293
0.000754 229.716185 0.000712 65.186119
0.000801 236.856897 0.000522 94.639544
0.000818 241.428596 0.000430 111.367241
0.000720 244.649102 0.000335 113.787895
0.000641 248.532483 0.000255 117.786970
0.000587 250.569572 0.000224 123.733823
0.000571 251.976790 0.000244 131.670560
0.000544 253.730863 0.000250 135.208536
0.000470 255.813108 0.000188 128.011202
0.000432 259.221948 0.000156 124.628676
0.000383 261.347536 0.000130 116.185518
0.000343 262.887565 0.000114 107.917270
0.000327 265.547953 0.000106 107.064052
0.000311 268.147048 0.000102 102.432615
0.000300 271.175356 0.000095 99.925720
0.000291 274.126348 0.000089 98.364313
0.000282 276.823522 0.000085 96.621286
0.000274 278.342744 0.000085 92.740937
0.000266 279.829585 0.000085 89.228554
0.000261 281.906126 0.000081 85.896237
0.000258 284.805710 0.000074 82.607531
0.000257 288.172925 0.000067 76.705576
0.000247 290.659335 0.000068 68.359515
0.000227 294.235162 0.000080 54.546969
0.000201 302.421853 0.000105 33.124765
0.000192 310.085763 0.000125 22.434131
0.000179 314.730402 0.000150 18.595765
0.000165 316.410569 0.000170 18.056586
0.000148 318.859029 0.000190 17.679557
0.000142 315.435111 0.000185 20.239432
0.000129 316.749519 0.000193 20.330078
0.000120 315.412287 0.000193 22.069575
0.000115 315.451452 0.000193 22.700309
0.000111 313.585209 0.000188 24.415099
0.000106 314.864257 0.000187 24.540305
0.000104 315.764210 0.000183 24.620494
0.000101 315.879904 0.000181 25.407450
0.000097 315.757906 0.000180 26.450722
0.000093 315.929348 0.000179 27.309972
0.000092 319.411849 0.000179 26.277557
0.000091 319.410085 0.000176 27.303456
0.000089 320.909997 0.000175 27.510389
0.000088 323.145244 0.000175 27.229571
0.000087 325.411232 0.000174 26.920628
0.000085 326.999152 0.000174 27.180535
0.000084 327.775390 0.000173 27.565937
0.000084 328.672564 0.000172 27.811381
0.000083 330.122631 0.000172 27.877205
0.000082 331.527887 0.000172 27.970246
0.000082 332.241028 0.000171 28.290533
0.000082 333.208987 0.000171 28.362575
0.000081 333.990748 0.000171 28.665564
0.000080 334.511788 0.000171 29.095778
0.000081 334.223510 0.000169 29.646233
0.000081 334.037700 0.000167 30.014887
0.000082 334.420119 0.000166 30.142410
0.000082 335.786937 0.000165 29.871633
0.000082 337.703384 0.000165 29.444701
0.000082 339.663675 0.000166 28.999905
0.000082 342.200203 0.000167 28.444877
0.000083 343.734302 0.000168 28.216258
0.000084 344.185258 0.000167 28.241770
0.000085 344.663171 0.000166 28.255634
0.000086 345.500049 0.000167 28.247106
0.000085 346.243669 0.000168 28.613735
0.000085 346.884949 0.000168 28.555555
0.000087 347.549306 0.000168 28.427697
0.000087 348.644934 0.000169 28.214846
0.000088 350.313737 0.000171 27.718173
0.000089 351.740349 0.000172 27.209362
0.000090 353.094416 0.000174 26.681969
0.000091 353.196771 0.000174 26.530186
0.000092 352.420163 0.000175 26.911908
0.000092 351.497786 0.000175 27.363841
0.000092 350.549532 0.000175 27.822839
0.000091 349.446590 0.000175 28.372992
0.000090 348.461647 0.000176 28.948254
0.000090 347.765842 0.000176 29.266503
0.000090 347.932702 0.000177 28.996095
0.000090 348.558393 0.000179 28.719784
0.000090 349.356492 0.000180 28.366251
0.000090 349.434178 0.000182 28.263753
0.000089 349.066168 0.000183 28.295893
0.000089 348.880934 0.000184 28.169176
0.000088 348.736414 0.000186 28.263248
0.000087 347.426353 0.000187 28.603439
0.000086 346.063290 0.000188 28.881583
0.000087 344.530217 0.000186 28.631922
0.000084 344.851071 0.000190 28.855598
0.000083 340.584214 0.000189 29.781775
0.000082 339.092667 0.000190 29.623425
0.000081 337.598578 0.000191 29.468833
0.000080 334.918032 0.000191 29.499201
0.000079 331.012861 0.000189 29.710213
0.000078 326.985143 0.000188 29.969592
0.000075 324.754311 0.000189 29.801377
0.000073 321.007494 0.000190 29.898768
0.000073 317.370176 0.000188 29.358997
0.000073 313.968795 0.000186 28.592570
0.000073 310.585187 0.000184 27.829388
0.000074 304.532794 0.000181 27.895446
0.000076 301.428625 0.000178 26.305629
0.000082 297.488351 0.000169 25.191341
0.000080 296.105277 0.000169 22.752599
0.000080 290.442522 0.000162 22.653695
0.000080 286.863641 0.000157 22.413242
0.000083 280.941932 0.000152 23.217083
0.000081 277.964442 0.000152 24.007414
0.000119 262.776276 0.000135 39.193069
0.000265 264.152303 0.000287 29.815838
0.001177 232.384592 0.001351 70.400908
0.002476 199.655913 0.002935 125.545880
0.002863 234.255998 0.003658 145.434029
0.003115 241.022919 0.003846 149.122723
0.003158 242.946752 0.003928 148.337506
0.003100 244.262387 0.003998 146.662356
0.003095 248.609744 0.004138 149.005767
0.003071 252.289815 0.004227 151.031505
0.002910 254.610780 0.004114 152.390183
0.002668 256.365731 0.003874 153.256992
0.002452 259.318177 0.003624 153.944399
0.002268 261.782212 0.003433 154.166323
0.002109 264.346667 0.003279 154.350638
0.002031 269.234106 0.003204 155.728057
0.001979 272.053420 0.003200 156.424547
0.001972 271.806459 0.003312 156.147673
0.002005 273.520569 0.003425 156.516612
0.002070 276.418203 0.003543 157.357880
0.002082 279.079909 0.003606 158.372651
0.002064 281.619184 0.003644 159.513011
0.001953 285.688701 0.003572 160.768771
0.001761 291.302407 0.003399 162.201296
0.001582 297.008702 0.003240 163.267087
0.001480 301.917458 0.003158 163.819252
0.001392 307.025585 0.003072 164.553952
0.001323 310.927912 0.003029 165.365101
0.001256 314.585550 0.002995 166.120729
0.001186 318.515538 0.002952 166.785884
0.001139 324.667831 0.002896 167.869021
0.001067 331.297592 0.002810 168.421372
0.000960 338.412849 0.002685 168.312682
0.000892 343.933621 0.002592 168.728031
0.000929 344.710159 0.002590 170.018355
0.000919 344.100656 0.002545 170.138291
0.000846 343.314840 0.002438 169.171463
0.000194 339.603424 0.001148 160.953796
0.000194 339.603424 0.001148 160.953796
0.000194 339.603424 0.001148 160.953796
0.000194 339.603424 0.001148 160.953796
0.000303 345.385825 0.001495 165.462559
0.000289 345.131146 0.001448 165.484906
p1
0.001833 316.963562 0.000620 324.201141
0.001833 316.963562 0.000620 324.201141
0.001833 316.963562 0.000620 324.201141
0.001833 316.963562 0.000620 324.201141
0.001833 316.963562 0.000620 324.201141
0.001762 303.529907 0.000067 16.928305
0.001806 314.609144 0.000572 336.353839
0.001778 312.288754 0.000542 348.539345
0.001750 309.801191 0.000519 361.203836
0.001721 307.134510 0.000506 374.320678
0.001692 304.276106 0.000505 387.850903
0.001663 301.212372 0.000518 401.742649
0.001634 297.924793 0.000549 415.969181
0.001604 294.357158 0.000606 430.859790
0.001576 290.532412 0.000690 445.897889
0.001551 286.486556 0.000802 460.389091
0.001532 282.282327 0.000949 113.457340
0.001552 278.339847 0.001085 116.790660
0.001584 274.319607 0.001224 118.383067
0.001621 270.133725 0.001371 119.915798
0.001682 264.143547 0.001585 121.859524
0.001763 258.626198 0.001799 123.475709
0.001867 253.888218 0.002020 124.850072
0.001988 249.827003 0.002248 125.868405
0.002115 245.953664 0.002481 126.757330
0.002259 242.464709 0.002730 127.263470
0.002406 239.535310 0.002980 127.763407
0.002552 237.427364 0.003209 128.243922
0.002696 235.500779 0.003434 128.498878
0.002829 233.883819 0.003648 128.648757
0.002953 232.530943 0.003848 128.751091
0.003077 231.188482 0.004038 128.616803
0.003193 230.058584 0.004212 128.399479
0.003309 229.059544 0.004375 128.109807
0.003483 228.791030 0.004569 127.865731
0.003654 228.445386 0.004746 127.424900
0.003817 227.662480 0.004902 126.575331
0.004025 227.172911 0.005076 126.055901
0.004241 226.694638 0.005245 125.897291
0.004339 226.182906 0.005292 125.789438
0.004509 225.507850 0.005343 126.085458
0.004661 224.153812 0.005404 125.964375
0.004820 222.307794 0.005506 125.307621
0.005059 221.354126 0.005733 125.074408
0.005243 222.668932 0.005952 126.380975
0.005481 223.901002 0.006242 127.871475
0.005403 217.647358 0.006100 123.408376
0.005458 218.156671 0.005997 124.167146
0.005498 219.605849 0.005880 125.261514
0.005109 220.647810 0.005291 124.258247
0.004600 219.021151 0.004649 118.095823
0.003812 227.546729 0.003537 120.141441
0.003044 230.401149 0.002641 114.947048
0.001852 210.296536 0.001994 77.531130
0.001726 232.830410 0.001299 102.041737
0.001677 245.392615 0.000972 116.063244
0.001493 248.444468 0.000787 117.794125
0.001324 253.157753 0.000602 121.242492
0.001220 255.358653 0.000528 125.120107
0.001196 256.854401 0.000548 131.838265
0.001136 258.476117 0.000536 133.445712
0.000971 259.277428 0.000417 122.044486
0.000917 264.198608 0.000344 123.231721
0.000810 265.485580 0.000292 112.433894
0.000721 265.657229 0.000268 101.752522
0.000700 269.011374 0.000238 103.780303
0.000674 270.985063 0.000228 100.892319
0.000651 273.821113 0.000210 98.522209
0.000632 276.835649 0.000189 96.909124
0.000614 279.310890 0.000176 95.615632
0.000595 280.235440 0.000178 91.581939
0.000576 281.064306 0.000181 88.060641
0.000562 282.980359 0.000173 84.188210
0.000555 286.381933 0.000150 79.911023
0.000550 290.204654 0.000132 71.407609
0.000525 291.900148 0.000140 63.948066
0.000480 294.645732 0.000168 52.516074
0.000423 302.165388 0.000213 33.253731
0.000399 309.611463 0.000251 22.951950
0.000367 314.169684 0.000301 19.862250
0.000341 316.482090 0.000339 19.140384
0.000298 319.148223 0.000386 19.559834
0.000303 315.905411 0.000363 20.996439
0.000268 317.352540 0.000390 21.656209
0.000252 315.178900 0.000390 23.839059
0.000241 315.613404 0.000393 24.285651
0.000238 312.606915 0.000382 26.356041
0.000225 314.150893 0.000385 26.250629
0.000224 315.704759 0.000378 25.717035
0.000218 315.378640 0.000374 26.609627
0.000210 314.277548 0.000374 28.136454
0.000202 313.706685 0.000374 29.302582
0.000199 319.278636 0.000378 27.160712
0.000200 317.513586 0.000368 28.772738
0.000194 318.488599 0.000370 29.180938
0.000193 320.938120 0.000369 28.684088
0.000193 323.437547 0.000368 28.125118
0.000186 324.438420 0.000373 28.739456
0.000185 324.852810 0.000371 29.240379
0.000185 325.686237 0.000369 29.416749
0.000183 327.174062 0.000371 29.466033
0.000180 328.571249 0.000372 29.569765
0.000181 328.959006 0.000370 30.006752
0.000182 329.929850 0.000369 30.064193
0.000179 330.713245 0.000371 30.424952
0.000177 331.207018 0.000372 30.899992
0.000178 331.076477 0.000369 31.400332
0.000180 331.015351 0.000365 31.756225
0.000180 331.468729 0.000364 31.997506
0.000182 332.989233 0.000363 31.744390
0.000182 334.693675 0.000363 31.463088
0.000183 336.425458 0.000364 31.165992
0.000182 339.091073 0.000368 30.685235
0.000183 340.814436 0.000370 30.478414
0.000185 341.397327 0.000369 30.554588
0.000187 342.001783 0.000368 30.625277
0.000189 343.056727 0.000368 30.648722
0.000185 343.701154 0.000371 31.230240
0.000187 344.577304 0.000372 31.228060
0.000189 345.529528 0.000373 31.127193
0.000190 346.809558 0.000375 31.048408
0.000191 348.556452 0.000378 30.748417
0.000193 350.093123 0.000381 30.405747
0.000195 351.626925 0.000384 30.079455
0.000198 352.139280 0.000385 30.097989
0.000199 351.725924 0.000386 30.583955
0.000199 351.232973 0.000386 31.129386
0.000199 350.702657 0.000387 31.648491
0.000200 349.912970 0.000386 32.243578
0.000198 349.174998 0.000386 32.962831
0.000197 348.816065 0.000387 33.450256
0.000197 349.362045 0.000389 33.379421
0.000197 350.220731 0.000392 33.336539
0.000197 351.332403 0.000396 33.193210
0.000197 351.704291 0.000398 33.281419
0.000197 351.647444 0.000399 33.495723
0.000197 352.006484 0.000401 33.543308
0.000194 351.915433 0.000405 34.033170
0.000193 351.048098 0.000406 34.560126
0.000192 350.214863 0.000406 35.006136
0.000195 349.663510 0.000404 35.000687
0.000188 349.270003 0.000410 35.775371
0.000189 347.046314 0.000406 36.504810
0.000188 346.003006 0.000407 36.862914
0.000186 344.983531 0.000408 37.216912
0.000186 343.179443 0.000407 37.684042
0.000185 340.708641 0.000404 38.316479
0.000185 338.203841 0.000402 38.988519
0.000182 336.745024 0.000403 39.407321
0.000178 334.635803 0.000405 40.114222
0.000180 332.608638 0.000401 40.245041
0.000182 330.845882 0.000397 40.178385
0.000184 329.160250 0.000393 40.112196
0.000186 325.262151 0.000386 40.972508
0.000190 324.753638 0.000380 39.800693
0.000207 322.242752 0.000356 39.121951
0.000198 322.362452 0.000360 37.759908
0.000198 317.896171 0.000343 38.206359
0.000199 316.746288 0.000328 37.501743
0.000206 312.475768 0.000313 38.464111
0.000198 310.940235 0.000315 39.521288
0.000275 299.618620 0.000266 52.480034
0.000567 301.598151 0.000640 77.525679
0.002627 279.896852 0.002847 127.835646
0.005493 258.351891 0.005994 174.914315
0.006495 271.781259 0.007308 181.229966
0.007023 275.784546 0.007670 183.858694
0.007061 276.887662 0.007710 183.038015
0.006925 277.122610 0.007720 180.982484
0.007060 280.296547 0.008056 182.948534
0.007106 282.786178 0.008275 184.589075
0.006817 284.176091 0.008069 185.783764
0.006339 285.085199 0.007599 186.664229
0.005924 286.845005 0.007118 187.467744
0.005573 288.010215 0.006752 187.603109
0.005274 289.242455 0.006459 187.664851
0.005140 292.929907 0.006339 189.304810
0.005059 294.594678 0.006364 189.662274
0.005072 293.252586 0.006626 188.108788
0.005146 294.173354 0.006875 187.767109
0.005271 296.560745 0.007123 188.276342
0.005292 298.574283 0.007289 188.894296
0.005257 300.412931 0.007422 189.598152
0.004964 303.083408 0.007289 190.363248
0.004447 306.589635 0.006913 191.238121
0.003962 310.250632 0.006573 191.820938
0.003667 313.916342 0.006420 192.043546
0.003403 317.872556 0.006265 192.569307
0.003163 321.470155 0.006185 192.895195
0.002914 325.117614 0.006116 193.087624
0.002651 329.015922 0.006023 193.257434
0.002484 335.135972 0.005957 194.338182
0.002267 341.012768 0.005852 194.831822
0.001962 346.495544 0.005680 194.557662
0.001705 352.314920 0.005484 194.278237
0.001682 359.024565 0.005352 195.160053
0.001651 364.035069 0.005242 195.396670
0.001555 367.269038 0.005127 194.754839
0.000343 7.969858 0.002021 189.325760
0.000343 7.969858 0.002021 189.325760
0.000343 7.969858 0.002021 189.325760
0.000343 7.969858 0.002021 189.325760
0.000651 369.172297 0.003222 189.270476
0.000582 368.344441 0.003005 188.407531
m2
0.064383 118.305054 0.017445 122.262398
0.064383 118.305054 0.017445 122.262398
0.064383 118.305054 0.017445 122.262398
0.064383 118.305054 0.017445 122.262398
0.064383 118.305054 0.017445 122.262398
0.064383 104.348732 0.006534 122.262398
0.065217 115.997622 0.017268 457.048178
0.065922 113.800910 0.017623 434.357120
0.066651 111.507966 0.018253 411.778168
0.067401 109.121399 0.019214 389.586497
0.068169 106.645619 0.020575 368.119056
0.068951 104.086920 0.022414 347.782860
0.069739 101.451281 0.024837 329.058056
0.070502 98.722974 0.028088 312.442776
0.071254 95.944879 0.032168 298.764768
0.072018 93.171677 0.037037 288.966787
0.072393 90.504642 0.042931 284.411891
0.073320 88.072760 0.048117 283.537556
0.074498 85.611443 0.053304 283.306102
0.075814 83.067110 0.058672 283.075263
0.077875 79.462632 0.066288 282.765109
0.080621 76.113815 0.073708 282.683494
0.084161 73.299009 0.081392 283.062322
0.088106 71.009816 0.089161 283.693809
0.092176 68.839511 0.097015 284.325846
0.096572 66.861223 0.105029 284.920829
0.100843 65.132674 0.112960 285.410795
0.104903 63.753477 0.120048 285.774195
0.108836 62.501062 0.127010 286.097016
0.112426 61.379433 0.133703 286.296481
0.115706 60.387928 0.139953 286.382393
0.118720 59.523116 0.145659 286.444655
0.121630 58.773343 0.151067 286.430049
0.124710 58.164846 0.156078 286.400294
0.128560 58.008108 0.160620 286.324937
0.132544 57.732053 0.164981 286.123715
0.136785 57.270054 0.169402 285.828102
0.141053 56.871371 0.173174 285.510295
0.144850 56.385821 0.176335 285.343998
0.146087 55.879074 0.177378 285.152917
0.147089 54.773083 0.178096 284.744460
0.147595 53.589646 0.178980 284.355352
0.149254 52.084566 0.181878 283.810377
0.152959 51.139651 0.186039 283.503922
0.156464 51.223080 0.189215 283.339134
0.160919 51.284318 0.193893 283.405719
0.156273 47.876145 0.194801 282.004846
0.151944 47.021958 0.188217 281.880507
0.145898 47.397487 0.176530 282.199442
0.133195 47.694502 0.154805 281.635322
0.124649 50.942847 0.127591 282.928893
0.108797 51.912918 0.100601 281.556155
0.087895 57.061059 0.068307 290.687762
0.058843 71.861934 0.022985 331.420362
0.058714 63.886691 0.025825 301.926869
0.057157 60.735328 0.026092 290.100519
0.051768 62.318567 0.020315 295.828038
0.046998 63.267406 0.016545 300.186428
0.043890 63.964145 0.015110 303.618310
0.043550 64.426697 0.015685 307.949836
0.043183 64.907922 0.016049 311.535752
0.039463 66.033781 0.013451 312.576016
0.034936 66.732868 0.010655 309.122498
0.032092 67.009986 0.009364 309.214664
0.030030 67.471179 0.008617 311.042313
0.028050 68.045605 0.007581 311.167740
0.026864 68.878167 0.006937 311.661730
0.025878 69.673265 0.006470 312.462049
0.024999 70.243666 0.006114 313.179144
0.024206 70.777447 0.005846 314.370358
0.023602 71.296483 0.005643 315.298573
0.023005 71.857055 0.005447 316.469611
0.022365 72.286169 0.005229 317.284142
0.021659 72.593632 0.004939 317.508680
0.020965 73.174489 0.004429 316.948993
0.019947 74.246183 0.003949 321.382442
0.018203 75.553720 0.003217 326.924792
0.015436 78.599298 0.001932 349.820264
0.013664 81.158628 0.001295 394.964463
0.012131 82.273354 0.001312 81.640957
0.010679 82.843055 0.001709 115.834050
0.009540 82.071426 0.002063 133.235822
0.008696 84.650308 0.002365 136.262750
0.008078 83.318964 0.002371 142.860318
0.007751 83.011741 0.002315 146.135787
0.007434 82.648647 0.002301 149.535248
0.007177 82.628138 0.002245 151.638946
0.006969 82.415549 0.002144 153.847482
0.006763 82.235064 0.002081 156.398868
0.006602 82.285634 0.002009 158.389223
0.006457 82.471556 0.001939 160.157101
0.006312 82.621638 0.001875 162.099770
0.006176 82.443831 0.001837 164.667551
0.006058 83.130452 0.001788 165.425591
0.005981 83.533005 0.001727 166.281359
0.005908 83.823750 0.001669 167.832831
0.005834 84.109384 0.001613 169.607914
0.005774 84.563755 0.001557 170.840386
0.005688 84.889721 0.001521 172.831865
0.005588 85.116917 0.001495 174.982713
0.005503 85.392565 0.001461 176.994532
0.005418 85.683121 0.001428 178.955153
0.005341 86.062865 0.001403 180.612771
0.005257 86.316236 0.001384 182.539909
0.005183 86.488088 0.001357 184.577940
0.005097 86.667631 0.001340 186.956372
0.005000 86.755421 0.001329 189.968538
0.004940 86.904916 0.001297 192.627122
0.004898 87.101479 0.001257 195.157413
0.004857 87.431370 0.001219 197.064981
0.004824 87.915340 0.001185 197.879874
0.004790 88.396802 0.001151 198.636205
0.004758 88.818911 0.001115 199.916391
0.004718 89.129539 0.001090 201.784499
0.004674 89.381296 0.001074 203.832608
0.004630 89.641851 0.001059 205.923619
0.004587 89.915216 0.001051 208.557275
0.004548 90.309612 0.001030 209.977311
0.004514 90.569695 0.001023 212.484379
0.004481 90.811523 0.001020 215.202706
0.004456 91.174123 0.001011 217.482729
0.004444 91.692038 0.000990 218.900543
0.004434 92.178183 0.000974 220.615343
0.004432 92.689678 0.000953 222.549038
0.004422 93.064929 0.000952 225.054550
0.004389 93.260954 0.000976 227.220962
0.004354 93.282235 0.001004 229.657859
0.004310 93.321511 0.001041 231.784856
0.004252 93.449975 0.001089 233.148345
0.004204 93.613795 0.001120 234.429452
0.004165 93.768215 0.001144 235.999041
0.004146 93.998951 0.001160 237.864730
0.004128 94.386897 0.001170 239.212705
0.004114 94.763305 0.001176 240.510310
0.004092 94.992395 0.001194 241.489549
0.004068 95.139824 0.001216 242.449883
0.004051 95.323201 0.001236 243.752635
0.004030 95.582047 0.001255 244.562111
0.003997 95.804420 0.001290 245.203897
0.003967 96.011852 0.001321 245.966083
0.003975 96.022623 0.001347 247.665326
0.003951 96.400038 0.001372 247.719002
0.003917 96.245827 0.001451 249.185044
0.003921 96.540871 0.001488 250.144325
0.003925 96.841757 0.001525 251.042347
0.003935 96.948867 0.001576 252.172832
0.003956 96.987152 0.001634 253.383917
0.003976 97.032402 0.001692 254.469492
0.003990 97.283347 0.001745 254.944100
0.003994 97.495574 0.001806 255.600957
0.004062 97.656538 0.001859 257.086700
0.004144 97.843515 0.001910 258.756341
0.004224 98.038172 0.001962 260.357654
0.004301 98.257817 0.002003 261.787266
0.004382 98.731849 0.002027 262.959833
0.004404 99.610842 0.002031 262.583321
0.004511 100.069586 0.002027 265.093400
0.004613 100.034765 0.002046 268.329220
0.004737 100.753940 0.002087 272.225710
0.004919 101.778225 0.002287 273.710506
0.005461 99.655038 0.002681 282.562001
0.006278 95.715288 0.004164 292.132698
0.014755 99.546799 0.009538 300.092169
0.046382 101.316114 0.034921 328.321510
0.096008 99.705719 0.074371 358.549881
0.154630 99.334604 0.113680 355.612212
0.158865 99.984776 0.110893 357.884455
0.164377 98.798486 0.112081 355.534188
0.173294 97.211575 0.118265 351.107539
0.175117 99.022635 0.120657 351.007392
0.175201 100.376218 0.122349 350.695614
0.168934 100.969976 0.119852 350.017092
0.159178 101.253548 0.114465 349.289456
0.150662 102.150693 0.107837 349.165107
0.143663 103.092112 0.102952 348.972389
0.137536 104.116397 0.098946 348.738410
0.132914 105.573292 0.096424 348.201313
0.130457 106.769825 0.096712 347.754731
0.131497 107.599566 0.101541 347.408379
0.134003 108.092898 0.107705 346.532893
0.137646 108.294568 0.114945 345.301320
0.135384 109.527846 0.116830 345.074327
0.129910 111.280832 0.115982 345.345171
0.121890 113.091563 0.112941 345.223030
0.111656 115.141944 0.107526 344.908490
0.102298 116.977478 0.103057 344.350923
0.094962 118.424283 0.101109 343.470416
0.087666 120.023967 0.098482 342.721766
0.081609 121.544632 0.097228 342.208467
0.075851 123.141748 0.096165 341.713580
0.069896 124.919512 0.094509 341.168111
0.063795 127.708534 0.091778 340.478690
0.057903 130.277232 0.089045 339.668964
0.052061 132.501339 0.086045 338.717918
0.047193 134.539816 0.083923 337.695504
0.043778 136.814757 0.082704 336.690814
0.039408 138.968952 0.081178 335.209382
0.033781 140.863301 0.079273 333.201767
0.002187 140.481247 0.011079 183.134903
0.002187 140.481247 0.011079 183.134903
0.002187 140.481247 0.011079 183.134903
0.002187 140.481247 0.011079 183.134903
0.009196 421.288293 0.036522 246.057178
0.007380 407.294205 0.030984 231.370828
s2
0.009388 135.950317 0.002575 147.719070
0.009388 135.950317 0.002575 147.719070
0.009388 135.950317 0.002575 147.719070
0.009388 135.950317 0.002575 147.719070
0.009388 135.950317 0.002575 147.719070
0.009388 122.079437 0.001335 147.719070
0.009551 133.628878 0.002628 167.431141
0.009699 131.421029 0.002759 184.919153
0.009859 129.125812 0.002933 202.271877
0.010032 126.747947 0.003157 219.266219
0.010217 124.294330 0.003442 235.629635
0.010418 121.774179 0.003798 251.033319
0.010634 119.196686 0.004240 265.080432
0.010864 116.548034 0.004806 277.273940
0.011113 113.877971 0.005493 287.038190
0.011384 111.249517 0.006290 293.743620
0.011602 108.745819 0.007245 295.799410
0.011867 106.508711 0.008094 296.314081
0.012166 104.258010 0.008951 296.677629
0.012492 101.944759 0.009844 297.078955
0.012990 98.694404 0.011125 297.698708
0.013550 95.679265 0.012375 298.397397
0.014199 93.081890 0.013660 299.166010
0.014916 90.927336 0.014951 299.904755
0.015658 88.873816 0.016261 300.626398
0.016459 86.950496 0.017610 301.253999
0.017257 85.288062 0.018945 301.790293
0.018018 83.992338 0.020127 302.202781
0.018757 82.800914 0.021284 302.545549
0.019451 81.740597 0.022393 302.789104
0.020099 80.812716 0.023425 302.951959
0.020691 79.976465 0.024364 303.059087
0.021261 79.238710 0.025244 303.105622
0.021841 78.609552 0.026051 303.142210
0.022586 78.317407 0.026775 303.173451
0.023343 77.930724 0.027458 303.106413
0.024114 77.393442 0.028128 302.960165
0.024894 76.915986 0.028708 302.865385
0.025572 76.334286 0.029221 302.848084
0.025773 75.768342 0.029386 302.756370
0.025864 74.590145 0.029500 302.542531
0.025871 73.317756 0.029677 302.348295
0.026081 71.790164 0.030197 302.006004
0.026650 70.850066 0.030921 301.879212
0.027230 70.959815 0.031452 301.890541
0.027948 71.013248 0.032245 302.028845
0.026996 67.805157 0.032478 300.723446
0.026137 66.949422 0.031457 300.669506
0.025010 67.220191 0.029603 301.068034
0.022757 67.369865 0.026068 300.687909
0.021164 70.251473 0.021560 302.115103
0.018461 71.115374 0.017023 301.261587
0.014904 75.823422 0.011663 309.181639
0.009860 89.379618 0.004196 342.648836
0.009912 81.948171 0.004625 319.659833
0.009684 78.961922 0.004658 311.186614
0.008765 80.344491 0.003707 316.859993
0.007953 81.142982 0.003089 321.161617
0.007430 81.744854 0.002862 324.165476
0.007368 82.141305 0.002971 327.631261
0.007298 82.525929 0.003036 330.417992
0.006672 83.466542 0.002597 331.756139
0.005914 84.129582 0.002119 329.883875
0.005427 84.245023 0.001910 330.039174
0.005073 84.528001 0.001800 331.433905
0.004735 84.999591 0.001627 331.882598
0.004533 85.725523 0.001518 332.464474
0.004366 86.411358 0.001441 333.180484
0.004215 86.868371 0.001383 333.779608
0.004077 87.276122 0.001341 334.646548
0.003972 87.674769 0.001311 335.292082
0.003868 88.107979 0.001283 336.075602
0.003755 88.412193 0.001250 336.591324
0.003630 88.595811 0.001202 336.748131
0.003507 89.030967 0.001113 336.804679
0.003332 89.896595 0.001040 339.540024
0.003034 90.864624 0.000923 342.048445
0.002557 93.232873 0.000686 349.488774
0.002241 95.148358 0.000500 361.978411
0.001971 95.790534 0.000349 13.475691
0.001724 96.099300 0.000202 28.338570
0.001529 95.218330 0.000102 44.151536
0.001400 97.907445 0.000086 69.974564
0.001295 96.717410 0.000046 75.298842
0.001240 96.447465 0.000027 53.397051
0.001187 96.159712 0.000015 377.844718
0.001144 96.183330 0.000022 338.611661
0.001111 95.992204 0.000044 324.827325
0.001078 95.857873 0.000060 317.716772
0.001052 95.903103 0.000077 316.535548
0.001029 96.045455 0.000093 316.998862
0.001005 96.156854 0.000109 317.076802
0.000984 95.975690 0.000124 315.854740
0.000966 96.372506 0.000138 317.617719
0.000954 96.609130 0.000151 319.817363
0.000943 96.730536 0.000167 320.949337
0.000932 96.833724 0.000184 321.782548
0.000922 97.105114 0.000198 322.858106
0.000908 97.305959 0.000210 322.704396
0.000893 97.405404 0.000222 322.334314
0.000879 97.525583 0.000235 322.457322
0.000866 97.646225 0.000247 322.654798
0.000853 97.820357 0.000257 322.773116
0.000839 97.852873 0.000267 322.699868
0.000827 97.893733 0.000278 322.935831
0.000813 97.922160 0.000288 322.791566
0.000796 97.962971 0.000298 322.228586
0.000787 98.052727 0.000308 322.454380
0.000779 98.087116 0.000319 322.883282
0.000772 98.119394 0.000329 323.582151
0.000767 98.114111 0.000340 324.443262
0.000762 98.079155 0.000350 325.287365
0.000757 98.084638 0.000361 326.183973
0.000750 98.063457 0.000372 326.673026
0.000742 98.023086 0.000381 326.870218
0.000735 97.978697 0.000390 327.087159
0.000727 97.968277 0.000400 327.145377
0.000721 98.129602 0.000408 327.609587
0.000716 98.163654 0.000419 327.719354
0.000711 98.178813 0.000430 327.787545
0.000707 98.208749 0.000441 327.943422
0.000705 98.326438 0.000451 328.345936
0.000704 98.430216 0.000462 328.656203
0.000704 98.627552 0.000473 329.041597
0.000701 98.870353 0.000481 329.060216
0.000694 99.075337 0.000487 328.738082
0.000688 99.198700 0.000495 328.364603
0.000681 99.317203 0.000502 327.891854
0.000673 99.534422 0.000507 327.171851
0.000665 99.835408 0.000511 326.688453
0.000659 100.131175 0.000517 326.356668
0.000657 100.384402 0.000525 326.204496
0.000655 100.661828 0.000535 326.166430
0.000653 100.921787 0.000544 326.251304
0.000650 101.118091 0.000551 326.045166
0.000645 101.296884 0.000557 325.780233
0.000644 101.686214 0.000566 325.845027
0.000637 102.245379 0.000569 325.526262
0.000630 102.685767 0.000574 324.987500
0.000624 103.122387 0.000579 324.604662
0.000626 103.618560 0.000588 324.637309
0.000621 104.553968 0.000589 324.336149
0.000615 104.629705 0.000604 323.405149
0.000616 105.656869 0.000610 323.102318
0.000616 106.683210 0.000615 322.813344
0.000619 107.532488 0.000624 322.436044
0.000624 108.258721 0.000632 321.887615
0.000627 108.965936 0.000640 321.328109
0.000631 109.881362 0.000645 320.773060
0.000632 110.714964 0.000654 320.213337
0.000646 111.608189 0.000664 320.008543
0.000662 112.566496 0.000675 319.973357
0.000678 113.501892 0.000686 319.975874
0.000690 114.304165 0.000691 319.674106
0.000704 115.609647 0.000689 319.495345
0.000707 116.549586 0.000682 318.527558
0.000725 117.742035 0.000679 319.091385
0.000745 117.468268 0.000689 319.602702
0.000769 118.242708 0.000707 321.024304
0.000802 119.138111 0.000736 320.106503
0.000905 117.130609 0.000816 322.782663
0.001049 114.466669 0.001054 324.517433
0.002536 119.372686 0.001789 324.046193
0.008000 121.471391 0.006171 347.079093
0.016535 120.315675 0.012969 15.790287
0.026644 120.574808 0.019303 15.065858
0.027269 121.340593 0.018731 17.856412
0.028074 120.344211 0.018742 16.107998
0.029467 118.931436 0.019546 12.260982
0.029776 120.655232 0.019822 12.129641
0.029778 121.943417 0.020000 11.752989
0.028697 122.555841 0.019545 10.946646
0.027015 122.892153 0.018648 10.065929
0.025532 123.769903 0.017538 9.825996
0.024305 124.684535 0.016703 9.490526
0.023231 125.667903 0.016008 9.105467
0.022449 127.010922 0.015552 8.436740
0.022009 128.118829 0.015529 7.838329
0.022123 128.894401 0.016205 7.311225
0.022506 129.340348 0.017058 6.406948
0.023097 129.503073 0.018058 5.250761
0.022700 130.629780 0.018278 4.880335
0.021770 132.238724 0.018101 4.877067
0.020430 133.930263 0.017621 4.505710
0.018732 135.863239 0.016805 3.961348
0.017181 137.577573 0.016130 363.204447
0.015959 138.879798 0.015822 362.197759
0.014747 140.305982 0.015410 361.310048
0.013724 141.639574 0.015194 360.666162
0.012750 143.027155 0.015003 360.043066
0.011753 144.568907 0.014720 359.371623
0.010734 146.941930 0.014259 358.547638
0.009760 149.087160 0.013800 357.633022
0.008812 150.890536 0.013305 356.598541
0.007987 152.479541 0.012935 355.450842
0.007345 154.029041 0.012694 354.043918
0.006536 155.545877 0.012392 352.043133
0.005515 157.006418 0.012013 349.484526
0.000619 157.212448 0.003546 116.180176
0.000619 157.212448 0.003546 116.180176
0.000619 157.212448 0.003546 116.180176
0.000619 157.212448 0.003546 116.180176
0.001635 237.689102 0.006548 417.632700
0.001391 251.022923 0.005973 431.300442
k2
0.002753 132.361160 0.000784 143.406281
0.002753 132.361160 0.000784 143.406281
0.002753 132.361160 0.000784 143.406281
0.002753 132.361160 0.000784 143.406281
0.002753 132.361160 0.000784 143.406281
0.002753 119.444107 0.000261 143.406281
0.002793 130.142245 0.000777 162.137796
0.002829 128.009482 0.000795 178.930258
0.002869 125.777999 0.000825 195.661838
0.002912 123.449140 0.000871 212.133824
0.002958 121.025795 0.000936 228.102687
0.003009 118.512438 0.001023 243.274040
0.003064 115.912315 0.001138 257.297131
0.003123 113.201331 0.001291 269.778348
0.003188 110.424632 0.001483 280.148853
0.003259 107.641175 0.001712 287.770208
0.003315 104.971789 0.001991 291.161814
0.003388 102.687515 0.002239 292.004192
0.003472 100.418597 0.002488 292.497612
0.003564 98.089637 0.002747 293.015912
0.003705 94.823318 0.003118 293.766695
0.003866 91.817388 0.003478 294.540962
0.004051 89.230813 0.003844 295.336027
0.004250 87.067769 0.004209 296.070234
0.004455 85.006588 0.004578 296.781812
0.004675 83.078205 0.004953 297.381459
0.004891 81.393805 0.005325 297.889066
0.005097 80.068114 0.005653 298.277302
0.005295 78.844230 0.005973 298.599524
0.005479 77.738177 0.006279 298.824331
0.005650 76.756701 0.006565 298.970948
0.005804 75.870078 0.006823 299.067681
0.005951 75.084968 0.007065 299.105034
0.006101 74.425717 0.007286 299.132997
0.006293 74.103547 0.007484 299.131013
0.006490 73.685156 0.007671 299.025966
0.006690 73.124746 0.007854 298.845212
0.006894 72.623630 0.008013 298.702048
0.007068 72.022198 0.008149 298.641084
0.007115 71.438639 0.008191 298.537336
0.007125 70.249952 0.008213 298.321127
0.007112 68.966835 0.008253 298.123420
0.007154 67.425641 0.008387 297.756941
0.007294 66.509239 0.008576 297.593252
0.007435 66.673856 0.008710 297.578405
0.007610 66.793165 0.008911 297.696051
0.007346 63.519700 0.008965 296.419337
0.007103 62.677092 0.008665 296.362282
0.006787 62.997694 0.008137 296.754108
0.006168 63.190528 0.007153 296.333844
0.005738 66.217679 0.005907 297.741027
0.004994 67.097636 0.004657 296.605340
0.004023 72.042736 0.003182 304.609387
0.002666 86.407291 0.001134 339.537373
0.002664 78.475957 0.001250 314.974211
0.002593 75.285936 0.001257 305.572462
0.002341 76.742949 0.000995 310.998856
0.002119 77.592247 0.000824 315.034427
0.001975 78.223085 0.000760 317.933403
0.001954 78.648239 0.000785 321.558376
0.001932 79.072357 0.000799 324.444433
0.001762 80.058857 0.000680 325.378675
0.001558 80.762209 0.000553 322.773549
0.001427 80.902132 0.000498 322.681259
0.001332 81.213757 0.000467 323.967880
0.001241 81.720424 0.000421 324.082483
0.001186 82.501572 0.000391 324.417984
0.001140 83.229056 0.000370 324.941241
0.001099 83.722717 0.000354 325.385423
0.001061 84.170062 0.000342 326.154172
0.001033 84.596594 0.000334 326.697501
0.001005 85.058061 0.000326 327.387111
0.000974 85.389548 0.000316 327.770468
0.000941 85.601050 0.000303 327.696360
0.000908 86.072824 0.000280 327.237155
0.000862 86.985726 0.000259 329.638631
0.000784 88.024212 0.000228 331.443581
0.000660 90.571552 0.000163 336.921965
0.000578 92.678989 0.000110 347.229266
0.000508 93.446880 0.000066 355.305727
0.000445 93.813116 0.000025 361.246013
0.000395 92.940461 0.000006 233.599914
0.000363 95.653821 0.000014 182.427050
0.000336 94.416221 0.000022 208.713023
0.000323 94.129202 0.000025 221.218664
0.000310 93.835937 0.000029 227.850711
0.000299 93.866887 0.000031 235.314511
0.000291 93.655934 0.000033 245.299790
0.000284 93.518119 0.000036 251.219598
0.000277 93.570001 0.000039 256.780665
0.000272 93.720254 0.000042 261.588693
0.000267 93.835167 0.000045 265.641272
0.000262 93.636034 0.000049 268.053995
0.000257 94.117393 0.000051 271.235919
0.000254 94.372611 0.000053 274.609066
0.000252 94.517061 0.000056 277.564738
0.000249 94.648978 0.000059 280.197106
0.000247 94.934307 0.000062 282.487429
0.000244 95.153156 0.000064 283.773254
0.000241 95.283012 0.000067 284.664718
0.000237 95.430056 0.000070 285.860068
0.000234 95.582570 0.000073 286.977280
0.000231 95.807515 0.000075 287.805628
0.000228 95.897745 0.000078 288.442774
0.000225 95.973102 0.000081 289.360413
0.000222 96.040098 0.000083 289.928028
0.000218 96.130917 0.000086 290.238315
0.000216 96.265984 0.000088 291.158220
0.000214 96.379734 0.000091 292.230289
0.000213 96.512379 0.000093 293.362174
0.000212 96.622442 0.000095 294.426266
0.000210 96.710100 0.000097 295.453789
0.000209 96.830401 0.000099 296.598780
0.000207 96.916630 0.000101 297.422252
0.000205 96.994994 0.000103 297.978364
0.000203 97.075510 0.000106 298.534688
0.000202 97.168968 0.000108 299.008239
0.000200 97.418643 0.000110 299.647580
0.000199 97.546561 0.000113 300.129665
0.000197 97.657218 0.000116 300.586764
0.000196 97.804137 0.000119 301.064438
0.000196 98.045656 0.000121 301.633567
0.000195 98.267915 0.000124 302.155145
0.000195 98.594156 0.000126 302.755973
0.000195 98.975663 0.000128 303.047226
0.000193 99.264110 0.000130 302.932446
0.000192 99.437196 0.000133 302.825190
0.000190 99.604069 0.000136 302.590237
0.000188 99.852345 0.000138 302.039562
0.000187 100.196577 0.000140 301.710648
0.000185 100.534615 0.000142 301.572501
0.000185 100.843458 0.000145 301.648760
0.000184 101.209904 0.000148 301.746927
0.000184 101.562904 0.000150 301.936187
0.000183 101.852437 0.000153 301.833861
0.000182 102.106397 0.000155 301.687034
0.000182 102.463470 0.000158 301.868521
0.000181 103.095544 0.000159 301.669101
0.000180 103.607904 0.000161 301.290201
0.000178 104.099943 0.000163 301.062537
0.000180 104.448672 0.000166 301.285049
0.000179 105.295576 0.000167 301.054915
0.000178 105.414919 0.000172 300.514206
0.000179 106.261412 0.000174 300.399634
0.000181 107.100879 0.000177 300.293579
0.000182 107.700060 0.000180 300.166381
0.000185 108.219249 0.000183 299.935399
0.000187 108.735658 0.000186 299.687975
0.000188 109.406104 0.000188 299.359353
0.000190 110.046418 0.000191 299.075353
0.000195 110.638218 0.000194 299.188005
0.000200 111.256640 0.000198 299.463192
0.000206 111.864177 0.000201 299.762790
0.000210 112.513714 0.000203 299.863014
0.000215 113.523948 0.000203 299.997215
0.000216 114.468706 0.000201 299.149004
0.000223 115.379337 0.000200 300.172987
0.000228 115.030556 0.000202 301.256284
0.000235 115.747832 0.000206 303.215759
0.000244 116.695253 0.000215 302.934230
0.000274 114.238384 0.000237 307.136068
0.000316 111.841353 0.000310 311.870619
0.000766 115.899699 0.000535 313.491859
0.002428 116.910377 0.001858 339.693797
0.005028 115.184501 0.003918 11.001402
0.008107 115.198700 0.005829 9.819594
0.008313 116.025947 0.005650 372.689119
0.008574 115.125045 0.005659 11.013287
0.009009 113.805304 0.005911 7.222234
0.009118 115.606242 0.006012 7.240156
0.009131 116.958874 0.006082 7.017257
0.008813 117.614518 0.005959 6.415329
0.008312 117.982108 0.005700 5.774407
0.007872 118.892347 0.005370 5.792013
0.007508 119.826982 0.005123 5.711273
0.007189 120.822993 0.004918 5.570137
0.006953 122.161849 0.004783 5.088857
0.006823 123.261813 0.004785 4.628247
0.006863 124.022158 0.005004 4.157314
0.006980 124.423443 0.005273 3.189748
0.007154 124.519670 0.005583 1.883416
0.007034 125.600913 0.005661 1.526283
0.006754 127.185805 0.005620 1.628570
0.006344 128.851021 0.005483 361.396689
0.005819 130.749656 0.005240 361.023009
0.005339 132.443091 0.005038 360.402111
0.004959 133.751994 0.004951 359.462626
0.004582 135.186780 0.004831 358.676653
0.004262 136.541475 0.004776 358.087560
0.003955 137.934978 0.004732 357.515791
0.003639 139.455484 0.004659 356.921566
0.003316 141.875802 0.004533 356.252592
0.003003 144.048803 0.004405 355.501374
0.002694 145.835229 0.004263 354.648314
0.002427 147.529193 0.004158 353.651134
0.002217 149.466229 0.004086 352.437762
0.001968 151.571877 0.003997 350.849648
0.001672 153.776498 0.003889 348.908553
0.000381 153.405609 0.002300 53.338577
0.000381 153.405609 0.002300 53.338577
0.000381 153.405609 0.002300 53.338577
0.000381 153.405609 0.002300 53.338577
0.000621 200.411897 0.002805 382.668265
0.000584 207.189200 0.002792 389.336914
n2
0.013084 98.623108 0.003606 108.050789
0.013084 98.623108 0.003606 108.050789
0.013084 98.623108 0.003606 108.050789
0.013084 98.623108 0.003606 108.050789
0.013084 98.623108 0.003606 108.050789
0.013084 85.479263 0.001480 108.050789
0.013257 96.434914 0.003609 129.517110
0.013407 94.352267 0.003722 148.353362
0.013568 92.182623 0.003893 166.959085
0.013740 89.929407 0.004133 185.074927
0.013924 87.597918 0.004455 202.384999
0.014120 85.195434 0.004876 218.508924
0.014329 82.729047 0.005417 232.982297
0.014547 80.184568 0.006129 245.169650
0.014778 77.605837 0.007011 254.468185
0.015031 75.048595 0.008050 260.237850
0.015219 72.538828 0.009325 260.756657
0.015506 70.150758 0.010456 260.855251
0.015846 67.715486 0.011591 261.027147
0.016222 65.207078 0.012771 261.236319
0.016804 61.671503 0.014454 261.595807
0.017492 58.357430 0.016091 262.085831
0.018324 55.487014 0.017781 262.746548
0.019259 53.097938 0.019490 263.439196
0.020229 50.821739 0.021227 264.117566
0.021285 48.703379 0.023023 264.704719
0.022330 46.872321 0.024799 265.192226
0.023328 45.424934 0.026382 265.534526
0.024302 44.094548 0.027941 265.803592
0.025211 42.907481 0.029439 265.957417
0.026058 41.863831 0.030838 266.018199
0.026842 40.925088 0.032123 266.027159
0.027600 40.090972 0.033336 265.960702
0.028383 39.373624 0.034457 265.879016
0.029374 39.056946 0.035466 265.769945
0.030388 38.625282 0.036428 265.537997
0.031437 38.008529 0.037387 265.207041
0.032498 37.464086 0.038207 264.912134
0.033444 36.817552 0.038931 264.735981
0.033764 36.189798 0.039182 264.528448
0.034014 34.859835 0.039394 264.080476
0.034160 33.451982 0.039682 263.679264
0.034579 31.748387 0.040433 263.119547
0.035462 30.644393 0.041456 262.800235
0.036308 30.616770 0.042223 262.630151
0.037367 30.545113 0.043344 262.643205
0.036278 27.067716 0.043721 261.154402
0.035241 26.134129 0.042349 261.005335
0.033811 26.447500 0.039834 261.362535
0.030822 26.729982 0.035032 260.892073
0.028779 29.929022 0.029011 262.436551
0.025066 30.975512 0.022852 261.156797
0.020245 36.430589 0.015563 270.223558
0.013632 52.042828 0.005567 310.003288
0.013525 43.649488 0.006030 281.624065
0.013141 40.312232 0.006008 270.408835
0.011912 41.957456 0.004712 276.145093
0.010818 42.941225 0.003859 280.385253
0.010114 43.659452 0.003539 283.534150
0.010042 44.100265 0.003692 287.460138
0.009962 44.537099 0.003785 290.647163
0.009125 45.621594 0.003166 291.730491
0.008080 46.424212 0.002486 288.584106
0.007423 46.613811 0.002193 288.391999
0.006950 46.982408 0.002038 289.853891
0.006489 47.558556 0.001794 289.858880
0.006219 48.412339 0.001641 290.342447
0.005996 49.192925 0.001531 291.003527
0.005794 49.731536 0.001448 291.536672
0.005609 50.239854 0.001387 292.544481
0.005471 50.724580 0.001341 293.350048
0.005336 51.246670 0.001297 294.376352
0.005186 51.633038 0.001247 294.997286
0.005018 51.907721 0.001177 295.038769
0.004856 52.494488 0.001050 294.658276
0.004625 53.550216 0.000943 298.646777
0.004224 54.810838 0.000775 302.426830
0.003587 57.827522 0.000453 321.298643
0.003174 60.419252 0.000269 367.672986
0.002812 61.509107 0.000267 61.893715
0.002470 62.097718 0.000381 98.461648
0.002197 61.289423 0.000479 115.392079
0.002017 64.034402 0.000546 117.047945
0.001866 62.677821 0.000550 123.951700
0.001790 62.325989 0.000536 127.314067
0.001715 61.949893 0.000534 130.682214
0.001656 61.979151 0.000521 132.745365
0.001608 61.758367 0.000497 135.190430
0.001560 61.594797 0.000483 137.817821
0.001524 61.662741 0.000466 139.858624
0.001491 61.873566 0.000450 141.643741
0.001459 62.046441 0.000435 143.610770
0.001427 61.852613 0.000427 146.282746
0.001401 62.553571 0.000416 147.042877
0.001384 62.966383 0.000402 147.946232
0.001368 63.251377 0.000389 149.555024
0.001352 63.527974 0.000376 151.389771
0.001339 63.991489 0.000363 152.615421
0.001320 64.320794 0.000355 154.586788
0.001298 64.538103 0.000350 156.740112
0.001279 64.810694 0.000342 158.750699
0.001261 65.098515 0.000335 160.709720
0.001243 65.473827 0.000330 162.352889
0.001224 65.717246 0.000326 164.247665
0.001208 65.877121 0.000320 166.295711
0.001189 66.052629 0.000317 168.651864
0.001167 66.137293 0.000315 171.673663
0.001154 66.293761 0.000308 174.357281
0.001145 66.492596 0.000299 176.965356
0.001136 66.825670 0.000290 178.966061
0.001129 67.312274 0.000283 179.892814
0.001121 67.796902 0.000275 180.772618
0.001114 68.224361 0.000267 182.223519
0.001105 68.541348 0.000262 184.218856
0.001095 68.796776 0.000259 186.361840
0.001085 69.062473 0.000256 188.542728
0.001075 69.350854 0.000255 191.224742
0.001066 69.753300 0.000251 192.808846
0.001058 70.020496 0.000250 195.389395
0.001051 70.269575 0.000250 198.149852
0.001045 70.634514 0.000249 200.525537
0.001043 71.160610 0.000245 202.080362
0.001040 71.654609 0.000242 203.915730
0.001040 72.178415 0.000238 205.950692
0.001039 72.560481 0.000239 208.410333
0.001031 72.756497 0.000246 210.409572
0.001023 72.774179 0.000254 212.676758
0.001013 72.817893 0.000264 214.608305
0.001000 72.966815 0.000276 215.780750
0.000988 73.148625 0.000284 216.962214
0.000980 73.325808 0.000291 218.451472
0.000975 73.588440 0.000296 220.268095
0.000971 74.011279 0.000300 221.636751
0.000968 74.427970 0.000303 222.957489
0.000962 74.699857 0.000309 223.911682
0.000955 74.893502 0.000316 224.837588
0.000950 75.123382 0.000322 226.133925
0.000944 75.448868 0.000328 226.915064
0.000935 75.735798 0.000337 227.527337
0.000927 76.009019 0.000346 228.271418
0.000928 76.067975 0.000354 229.927881
0.000921 76.534462 0.000360 230.069788
0.000911 76.419809 0.000381 231.280479
0.000911 76.782377 0.000390 232.199432
0.000911 77.153579 0.000400 233.061397
0.000913 77.313975 0.000413 234.109147
0.000917 77.380334 0.000428 235.182163
0.000921 77.454094 0.000443 236.137726
0.000923 77.770919 0.000456 236.547540
0.000923 78.042272 0.000471 237.055572
0.000939 78.190732 0.000484 238.394835
0.000958 78.361612 0.000497 239.935308
0.000977 78.547561 0.000510 241.414843
0.000993 78.771049 0.000519 242.583950
0.001012 79.238314 0.000524 243.491399
0.001016 80.138969 0.000522 242.849066
0.001040 80.491231 0.000521 245.117822
0.001061 80.278088 0.000526 247.944546
0.001089 80.961753 0.000536 251.462275
0.001131 81.920467 0.000572 252.002704
0.001249 79.245195 0.000662 260.104454
0.001448 76.755026 0.000977 268.772492
0.003450 79.647876 0.002016 273.732430
0.010758 79.644406 0.008103 302.474773
0.022169 77.360941 0.017587 334.450154
0.035672 76.973816 0.026452 332.874302
0.036488 77.855217 0.025683 335.715726
0.037564 76.767535 0.025743 333.810286
0.039437 75.162101 0.026909 329.707137
0.039816 76.976693 0.027294 329.685028
0.039801 78.334872 0.027539 329.419117
0.038338 78.975840 0.026887 328.741082
0.036078 79.324942 0.025614 327.993262
0.034096 80.256936 0.024065 327.871787
0.032471 81.222604 0.022910 327.658145
0.031050 82.259503 0.021951 327.392520
0.029976 83.668337 0.021289 326.803682
0.029398 84.798445 0.021267 326.268271
0.029620 85.526171 0.022269 325.772062
0.030144 85.841086 0.023471 324.698975
0.030904 85.811517 0.024845 323.235830
0.030378 86.930906 0.025154 322.845528
0.029155 88.636451 0.024921 322.979864
0.027357 90.431805 0.024251 322.761875
0.025063 92.493727 0.023102 322.403694
0.022963 94.321112 0.022147 321.783787
0.021310 95.709966 0.021701 320.810298
0.019668 97.252942 0.021108 319.982136
0.018296 98.677529 0.020808 319.383910
0.016992 100.171344 0.020547 318.808661
0.015649 101.857102 0.020159 318.198576
0.014262 104.489831 0.019514 317.425993
0.012933 106.891257 0.018877 316.557757
0.011637 108.951991 0.018196 315.582977
0.010528 110.702774 0.017695 314.445325
0.009691 112.455024 0.017368 313.052129
0.008644 114.175534 0.016961 311.101528
0.007325 115.774943 0.016457 308.605378
0.000521 115.244255 0.002860 71.290779
0.000521 115.244255 0.002860 71.290779
0.000521 115.244255 0.002860 71.290779
0.000521 115.244255 0.002860 71.290779
0.001989 196.310908 0.007784 374.893068
0.001598 209.404008 0.006677 388.321589
1.0 ! temp relax
0.9 ! salt relax
5 0 1 1 2 ! River 1 Chowan
1.
0.0
1.
4 0 1 1 2 ! River 2 Roanoke
1.
0.0
1.
5 0 1 1 2 ! River 3 Pamlico
1.
0.0
1.
5 0 1 1 2 ! River 4 Neuse
1.
0.0
1.
3 0 1 1 2 ! River 5 Cape Fear
1.
0.0
1.
